256 7395
1 2 402
1 3 299
1 4 883
1 5 283
1 6 668
1 7 601
1 8 976
1 9 191
1 10 659
1 11 919
1 12 392
1 13 720
1 14 169
1 15 272
1 16 371
1 17 163
1 18 754
1 19 878
1 20 631
1 21 463
1 22 731
1 23 380
1 24 693
1 25 310
1 26 369
1 27 196
1 28 843
1 29 644
1 30 458
2 3 938
2 4 223
2 5 179
2 6 625
2 7 466
2 8 924
2 9 569
2 10 386
2 11 148
2 12 996
2 13 686
2 14 869
2 15 562
2 16 497
2 17 711
2 18 671
2 19 470
2 20 380
2 21 751
2 22 317
2 23 238
2 24 753
2 25 779
2 26 432
2 27 465
2 28 315
2 29 253
2 30 630
2 31 472
3 4 357
3 5 887
3 6 891
3 7 507
3 8 381
3 9 750
3 10 141
3 11 270
3 12 184
3 13 898
3 14 511
3 15 584
3 16 927
3 17 291
3 18 418
3 19 600
3 20 482
3 21 321
3 22 132
3 23 610
3 24 511
3 25 803
3 26 997
3 27 606
3 28 495
3 29 467
3 30 108
3 31 401
3 32 642
4 5 186
4 6 598
4 7 163
4 8 827
4 9 759
4 10 709
4 11 564
4 12 681
4 13 216
4 14 590
4 15 463
4 16 499
4 17 847
4 18 886
4 19 114
4 20 625
4 21 134
4 22 275
4 23 264
4 24 299
4 25 597
4 26 289
4 27 184
4 28 120
4 29 919
4 30 923
4 31 972
4 32 881
4 33 982
5 6 674
5 7 763
5 8 675
5 9 995
5 10 282
5 11 480
5 12 360
5 13 570
5 14 948
5 15 649
5 16 721
5 17 615
5 18 287
5 19 804
5 20 485
5 21 330
5 22 723
5 23 576
5 24 857
5 25 301
5 26 737
5 27 199
5 28 847
5 29 473
5 30 643
5 31 991
5 32 224
5 33 417
5 34 197
6 7 525
6 8 938
6 9 916
6 10 595
6 11 340
6 12 809
6 13 993
6 14 991
6 15 544
6 16 355
6 17 436
6 18 272
6 19 125
6 20 549
6 21 757
6 22 798
6 23 906
6 24 514
6 25 282
6 26 454
6 27 943
6 28 690
6 29 630
6 30 143
6 31 854
6 32 830
6 33 728
6 34 387
6 35 856
7 8 935
7 9 200
7 10 706
7 11 365
7 12 384
7 13 531
7 14 303
7 15 356
7 16 651
7 17 337
7 18 180
7 19 528
7 20 681
7 21 291
7 22 308
7 23 744
7 24 516
7 25 944
7 26 726
7 27 683
7 28 538
7 29 469
7 30 600
7 31 605
7 32 605
7 33 412
7 34 264
7 35 164
7 36 717
8 9 589
8 10 253
8 11 164
8 12 416
8 13 772
8 14 215
8 15 956
8 16 707
8 17 261
8 18 728
8 19 231
8 20 235
8 21 342
8 22 708
8 23 489
8 24 880
8 25 160
8 26 621
8 27 926
8 28 885
8 29 986
8 30 574
8 31 367
8 32 519
8 33 347
8 34 467
8 35 204
8 36 829
8 37 648
9 10 386
9 11 660
9 12 152
9 13 512
9 14 668
9 15 929
9 16 998
9 17 265
9 18 822
9 19 912
9 20 212
9 21 854
9 22 353
9 23 397
9 24 319
9 25 536
9 26 278
9 27 304
9 28 797
9 29 164
9 30 855
9 31 987
9 32 839
9 33 960
9 34 944
9 35 138
9 36 391
9 37 491
9 38 763
10 11 923
10 12 543
10 13 986
10 14 395
10 15 432
10 16 815
10 17 593
10 18 797
10 19 160
10 20 406
10 21 725
10 22 841
10 23 396
10 24 926
10 25 178
10 26 619
10 27 134
10 28 929
10 29 663
10 30 731
10 31 560
10 32 647
10 33 339
10 34 205
10 35 935
10 36 284
10 37 633
10 38 355
10 39 973
11 12 811
11 13 711
11 14 542
11 15 821
11 16 1000
11 17 193
11 18 713
11 19 901
11 20 744
11 21 373
11 22 290
11 23 224
11 24 440
11 25 227
11 26 869
11 27 626
11 28 414
11 29 505
11 30 134
11 31 386
11 32 854
11 33 326
11 34 695
11 35 417
11 36 848
11 37 681
11 38 725
11 39 713
11 40 212
12 13 878
12 14 853
12 15 856
12 16 358
12 17 139
12 18 857
12 19 803
12 20 279
12 21 343
12 22 884
12 23 859
12 24 715
12 25 956
12 26 681
12 27 151
12 28 979
12 29 271
12 30 517
12 31 674
12 32 743
12 33 620
12 34 878
12 35 781
12 36 774
12 37 388
12 38 866
12 39 215
12 40 343
12 41 460
13 14 189
13 15 411
13 16 754
13 17 669
13 18 900
13 19 252
13 20 901
13 21 197
13 22 139
13 23 998
13 24 895
13 25 582
13 26 406
13 27 401
13 28 685
13 29 536
13 30 725
13 31 615
13 32 535
13 33 329
13 34 884
13 35 386
13 36 116
13 37 453
13 38 366
13 39 408
13 40 978
13 41 603
13 42 893
14 15 190
14 16 121
14 17 113
14 18 661
14 19 505
14 20 979
14 21 239
14 22 449
14 23 708
14 24 987
14 25 717
14 26 525
14 27 476
14 28 455
14 29 107
14 30 140
14 31 705
14 32 536
14 33 877
14 34 408
14 35 594
14 36 469
14 37 691
14 38 239
14 39 678
14 40 935
14 41 931
14 42 976
14 43 325
15 16 212
15 17 377
15 18 586
15 19 886
15 20 415
15 21 806
15 22 500
15 23 720
15 24 871
15 25 307
15 26 412
15 27 415
15 28 498
15 29 938
15 30 935
15 31 646
15 32 586
15 33 787
15 34 142
15 35 977
15 36 836
15 37 898
15 38 595
15 39 364
15 40 642
15 41 590
15 42 866
15 43 221
15 44 879
16 17 934
16 18 743
16 19 493
16 20 750
16 21 656
16 22 221
16 23 678
16 24 601
16 25 817
16 26 874
16 27 245
16 28 152
16 29 131
16 30 939
16 31 594
16 32 132
16 33 632
16 34 345
16 35 231
16 36 315
16 37 886
16 38 132
16 39 994
16 40 665
16 41 809
16 42 519
16 43 904
16 44 999
16 45 993
17 18 518
17 19 777
17 20 958
17 21 454
17 22 434
17 23 322
17 24 810
17 25 714
17 26 896
17 27 392
17 28 299
17 29 940
17 30 174
17 31 890
17 32 539
17 33 145
17 34 749
17 35 339
17 36 975
17 37 298
17 38 941
17 39 455
17 40 933
17 41 284
17 42 452
17 43 491
17 44 117
17 45 110
17 46 402
18 19 955
18 20 725
18 21 599
18 22 201
18 23 617
18 24 406
18 25 654
18 26 827
18 27 497
18 28 187
18 29 811
18 30 564
18 31 409
18 32 451
18 33 946
18 34 898
18 35 666
18 36 527
18 37 680
18 38 619
18 39 802
18 40 581
18 41 976
18 42 524
18 43 772
18 44 237
18 45 469
18 46 568
18 47 568
19 20 453
19 21 392
19 22 455
19 23 184
19 24 494
19 25 782
19 26 636
19 27 338
19 28 264
19 29 858
19 30 653
19 31 309
19 32 980
19 33 573
19 34 268
19 35 164
19 36 811
19 37 633
19 38 732
19 39 204
19 40 453
19 41 731
19 42 500
19 43 110
19 44 736
19 45 168
19 46 596
19 47 562
19 48 862
20 21 770
20 22 707
20 23 324
20 24 702
20 25 239
20 26 149
20 27 261
20 28 394
20 29 262
20 30 861
20 31 403
20 32 525
20 33 656
20 34 621
20 35 575
20 36 883
20 37 305
20 38 764
20 39 135
20 40 269
20 41 686
20 42 483
20 43 722
20 44 267
20 45 774
20 46 327
20 47 956
20 48 724
20 49 412
21 22 346
21 23 402
21 24 327
21 25 399
21 26 125
21 27 952
21 28 820
21 29 812
21 30 641
21 31 816
21 32 510
21 33 680
21 34 261
21 35 868
21 36 233
21 37 582
21 38 674
21 39 273
21 40 666
21 41 274
21 42 133
21 43 564
21 44 838
21 45 116
21 46 476
21 47 185
21 48 218
21 49 806
21 50 543
22 23 963
22 24 752
22 25 583
22 26 273
22 27 516
22 28 458
22 29 682
22 30 633
22 31 154
22 32 445
22 33 804
22 34 825
22 35 408
22 36 874
22 37 723
22 38 785
22 39 534
22 40 710
22 41 662
22 42 499
22 43 500
22 44 974
22 45 333
22 46 964
22 47 448
22 48 418
22 49 643
22 50 433
22 51 914
23 24 205
23 25 945
23 26 619
23 27 236
23 28 254
23 29 183
23 30 371
23 31 521
23 32 330
23 33 767
23 34 391
23 35 639
23 36 717
23 37 404
23 38 947
23 39 441
23 40 982
23 41 133
23 42 590
23 43 627
23 44 428
23 45 991
23 46 977
23 47 182
23 48 311
23 49 981
23 50 661
23 51 287
23 52 581
24 25 100
24 26 392
24 27 679
24 28 287
24 29 880
24 30 332
24 31 366
24 32 762
24 33 637
24 34 950
24 35 547
24 36 829
24 37 885
24 38 105
24 39 419
24 40 337
24 41 100
24 42 185
24 43 866
24 44 426
24 45 104
24 46 698
24 47 560
24 48 413
24 49 323
24 50 220
24 51 594
24 52 964
24 53 841
25 26 898
25 27 417
25 28 497
25 29 877
25 30 298
25 31 730
25 32 545
25 33 897
25 34 939
25 35 649
25 36 405
25 37 940
25 38 466
25 39 480
25 40 950
25 41 167
25 42 320
25 43 174
25 44 634
25 45 520
25 46 197
25 47 875
25 48 416
25 49 379
25 50 919
25 51 153
25 52 478
25 53 685
25 54 740
26 27 325
26 28 989
26 29 648
26 30 403
26 31 493
26 32 489
26 33 318
26 34 514
26 35 314
26 36 148
26 37 729
26 38 459
26 39 710
26 40 534
26 41 515
26 42 894
26 43 708
26 44 569
26 45 869
26 46 149
26 47 109
26 48 121
26 49 855
26 50 235
26 51 690
26 52 364
26 53 247
26 54 223
26 55 978
27 28 604
27 29 709
27 30 502
27 31 133
27 32 537
27 33 783
27 34 304
27 35 520
27 36 335
27 37 651
27 38 294
27 39 716
27 40 623
27 41 601
27 42 310
27 43 143
27 44 981
27 45 257
27 46 288
27 47 745
27 48 724
27 49 443
27 50 612
27 51 129
27 52 606
27 53 450
27 54 479
27 55 725
27 56 553
28 29 617
28 30 617
28 31 677
28 32 241
28 33 214
28 34 986
28 35 269
28 36 863
28 37 235
28 38 429
28 39 434
28 40 131
28 41 657
28 42 379
28 43 573
28 44 220
28 45 489
28 46 633
28 47 470
28 48 581
28 49 688
28 50 858
28 51 142
28 52 426
28 53 1000
28 54 706
28 55 505
28 56 207
28 57 459
29 30 842
29 31 110
29 32 255
29 33 485
29 34 335
29 35 406
29 36 842
29 37 357
29 38 510
29 39 849
29 40 989
29 41 403
29 42 820
29 43 859
29 44 225
29 45 586
29 46 705
29 47 141
29 48 342
29 49 160
29 50 486
29 51 142
29 52 806
29 53 866
29 54 831
29 55 913
29 56 313
29 57 153
29 58 893
30 31 784
30 32 877
30 33 635
30 34 111
30 35 204
30 36 427
30 37 163
30 38 394
30 39 336
30 40 500
30 41 384
30 42 539
30 43 324
30 44 681
30 45 696
30 46 532
30 47 926
30 48 868
30 49 435
30 50 916
30 51 440
30 52 365
30 53 954
30 54 507
30 55 202
30 56 671
30 57 958
30 58 290
30 59 307
31 32 105
31 33 524
31 34 590
31 35 405
31 36 702
31 37 485
31 38 316
31 39 391
31 40 625
31 41 985
31 42 805
31 43 619
31 44 929
31 45 104
31 46 931
31 47 871
31 48 570
31 49 329
31 50 190
31 51 176
31 52 920
31 53 911
31 54 181
31 55 801
31 56 172
31 57 294
31 58 289
31 59 702
31 60 786
32 33 115
32 34 547
32 35 994
32 36 363
32 37 270
32 38 368
32 39 694
32 40 468
32 41 402
32 42 792
32 43 195
32 44 639
32 45 375
32 46 130
32 47 348
32 48 389
32 49 738
32 50 253
32 51 688
32 52 167
32 53 712
32 54 153
32 55 320
32 56 807
32 57 802
32 58 902
32 59 167
32 60 286
32 61 623
33 34 884
33 35 746
33 36 269
33 37 851
33 38 937
33 39 640
33 40 398
33 41 721
33 42 506
33 43 494
33 44 936
33 45 393
33 46 790
33 47 295
33 48 288
33 49 222
33 50 160
33 51 935
33 52 647
33 53 329
33 54 405
33 55 936
33 56 286
33 57 889
33 58 747
33 59 432
33 60 773
33 61 238
33 62 607
34 35 164
34 36 601
34 37 291
34 38 519
34 39 735
34 40 219
34 41 607
34 42 371
34 43 675
34 44 516
34 45 337
34 46 838
34 47 230
34 48 549
34 49 172
34 50 770
34 51 238
34 52 215
34 53 324
34 54 567
34 55 501
34 56 945
34 57 436
34 58 608
34 59 342
34 60 209
34 61 562
34 62 307
34 63 276
35 36 780
35 37 155
35 38 584
35 39 702
35 40 197
35 41 591
35 42 871
35 43 100
35 44 459
35 45 194
35 46 480
35 47 811
35 48 767
35 49 989
35 50 296
35 51 828
35 52 173
35 53 698
35 54 615
35 55 116
35 56 218
35 57 519
35 58 444
35 59 120
35 60 806
35 61 742
35 62 724
35 63 134
35 64 751
36 37 370
36 38 343
36 39 542
36 40 285
36 41 875
36 42 980
36 43 995
36 44 637
36 45 519
36 46 497
36 47 875
36 48 876
36 49 899
36 50 601
36 51 486
36 52 493
36 53 651
36 54 155
36 55 390
36 56 443
36 57 935
36 58 340
36 59 951
36 60 218
36 61 431
36 62 342
36 63 276
36 64 458
36 65 244
37 38 822
37 39 932
37 40 306
37 41 998
37 42 394
37 43 787
37 44 390
37 45 893
37 46 989
37 47 919
37 48 655
37 49 669
37 50 537
37 51 497
37 52 187
37 53 699
37 54 121
37 55 852
37 56 656
37 57 187
37 58 111
37 59 532
37 60 993
37 61 325
37 62 900
37 63 180
37 64 310
37 65 847
37 66 292
38 39 225
38 40 499
38 41 853
38 42 252
38 43 206
38 44 832
38 45 356
38 46 367
38 47 723
38 48 721
38 49 719
38 50 253
38 51 423
38 52 437
38 53 651
38 54 881
38 55 631
38 56 582
38 57 516
38 58 214
38 59 782
38 60 557
38 61 126
38 62 146
38 63 411
38 64 511
38 65 301
38 66 372
38 67 780
39 40 901
39 41 277
39 42 284
39 43 492
39 44 521
39 45 856
39 46 588
39 47 507
39 48 477
39 49 429
39 50 432
39 51 752
39 52 195
39 53 177
39 54 551
39 55 255
39 56 920
39 57 348
39 58 845
39 59 824
39 60 408
39 61 804
39 62 826
39 63 488
39 64 908
39 65 174
39 66 654
39 67 818
39 68 759
40 41 844
40 42 852
40 43 891
40 44 662
40 45 867
40 46 510
40 47 598
40 48 998
40 49 115
40 50 929
40 51 442
40 52 277
40 53 387
40 54 435
40 55 403
40 56 477
40 57 673
40 58 924
40 59 503
40 60 997
40 61 870
40 62 321
40 63 478
40 64 611
40 65 484
40 66 777
40 67 467
40 68 516
40 69 396
41 42 174
41 43 695
41 44 220
41 45 333
41 46 313
41 47 472
41 48 755
41 49 463
41 50 832
41 51 379
41 52 326
41 53 929
41 54 625
41 55 843
41 56 852
41 57 686
41 58 774
41 59 306
41 60 664
41 61 839
41 62 815
41 63 841
41 64 446
41 65 539
41 66 998
41 67 709
41 68 783
41 69 590
41 70 258
42 43 125
42 44 368
42 45 953
42 46 266
42 47 171
42 48 498
42 49 649
42 50 539
42 51 897
42 52 736
42 53 516
42 54 977
42 55 611
42 56 930
42 57 846
42 58 846
42 59 193
42 60 710
42 61 968
42 62 600
42 63 293
42 64 948
42 65 154
42 66 460
42 67 717
42 68 776
42 69 874
42 70 112
42 71 643
43 44 917
43 45 985
43 46 409
43 47 318
43 48 874
43 49 608
43 50 563
43 51 551
43 52 920
43 53 264
43 54 984
43 55 465
43 56 682
43 57 701
43 58 867
43 59 562
43 60 537
43 61 795
43 62 644
43 63 272
43 64 188
43 65 569
43 66 795
43 67 957
43 68 897
43 69 199
43 70 446
43 71 700
43 72 135
44 45 759
44 46 960
44 47 985
44 48 279
44 49 885
44 50 641
44 51 248
44 52 915
44 53 473
44 54 343
44 55 989
44 56 675
44 57 642
44 58 738
44 59 209
44 60 292
44 61 844
44 62 321
44 63 426
44 64 404
44 65 237
44 66 800
44 67 511
44 68 268
44 69 133
44 70 196
44 71 327
44 72 543
44 73 194
45 46 706
45 47 129
45 48 125
45 49 281
45 50 590
45 51 237
45 52 999
45 53 460
45 54 284
45 55 260
45 56 910
45 57 951
45 58 805
45 59 744
45 60 229
45 61 940
45 62 271
45 63 794
45 64 500
45 65 718
45 66 533
45 67 439
45 68 383
45 69 572
45 70 998
45 71 903
45 72 318
45 73 739
45 74 697
46 47 991
46 48 929
46 49 901
46 50 748
46 51 409
46 52 782
46 53 766
46 54 324
46 55 798
46 56 481
46 57 639
46 58 807
46 59 289
46 60 982
46 61 395
46 62 521
46 63 427
46 64 837
46 65 552
46 66 731
46 67 576
46 68 598
46 69 489
46 70 670
46 71 376
46 72 997
46 73 422
46 74 638
46 75 991
47 48 670
47 49 726
47 50 282
47 51 665
47 52 311
47 53 784
47 54 671
47 55 820
47 56 548
47 57 501
47 58 510
47 59 844
47 60 653
47 61 835
47 62 599
47 63 362
47 64 228
47 65 322
47 66 463
47 67 308
47 68 417
47 69 580
47 70 160
47 71 531
47 72 529
47 73 768
47 74 283
47 75 745
47 76 924
48 49 831
48 50 523
48 51 986
48 52 144
48 53 654
48 54 347
48 55 402
48 56 668
48 57 456
48 58 496
48 59 885
48 60 400
48 61 720
48 62 165
48 63 443
48 64 140
48 65 552
48 66 659
48 67 403
48 68 822
48 69 920
48 70 323
48 71 577
48 72 796
48 73 709
48 74 578
48 75 301
48 76 158
48 77 572
49 50 705
49 51 967
49 52 582
49 53 202
49 54 280
49 55 281
49 56 390
49 57 913
49 58 963
49 59 983
49 60 451
49 61 247
49 62 275
49 63 587
49 64 693
49 65 339
49 66 313
49 67 344
49 68 257
49 69 544
49 70 122
49 71 518
49 72 368
49 73 530
49 74 669
49 75 909
49 76 807
49 77 953
49 78 397
50 51 597
50 52 814
50 53 799
50 54 756
50 55 231
50 56 691
50 57 918
50 58 865
50 59 532
50 60 530
50 61 503
50 62 119
50 63 973
50 64 624
50 65 650
50 66 542
50 67 232
50 68 732
50 69 219
50 70 963
50 71 383
50 72 419
50 73 401
50 74 825
50 75 479
50 76 952
50 77 600
50 78 992
50 79 105
51 52 757
51 53 541
51 54 125
51 55 743
51 56 608
51 57 492
51 58 542
51 59 763
51 60 381
51 61 290
51 62 967
51 63 151
51 64 663
51 65 130
51 66 188
51 67 671
51 68 693
51 69 337
51 70 441
51 71 338
51 72 957
51 73 330
51 74 932
51 75 853
51 76 418
51 77 637
51 78 198
51 79 512
51 80 935
52 53 410
52 54 673
52 55 568
52 56 809
52 57 501
52 58 514
52 59 422
52 60 809
52 61 782
52 62 320
52 63 765
52 64 489
52 65 301
52 66 802
52 67 893
52 68 872
52 69 840
52 70 838
52 71 429
52 72 437
52 73 328
52 74 413
52 75 479
52 76 451
52 77 702
52 78 878
52 79 724
52 80 282
52 81 431
53 54 372
53 55 356
53 56 676
53 57 397
53 58 402
53 59 667
53 60 988
53 61 553
53 62 508
53 63 610
53 64 153
53 65 434
53 66 269
53 67 832
53 68 218
53 69 426
53 70 236
53 71 749
53 72 885
53 73 936
53 74 824
53 75 674
53 76 168
53 77 417
53 78 426
53 79 160
53 80 735
53 81 812
53 82 929
54 55 786
54 56 395
54 57 698
54 58 728
54 59 348
54 60 586
54 61 600
54 62 892
54 63 588
54 64 124
54 65 214
54 66 144
54 67 418
54 68 245
54 69 724
54 70 287
54 71 392
54 72 987
54 73 813
54 74 319
54 75 686
54 76 167
54 77 431
54 78 713
54 79 734
54 80 888
54 81 637
54 82 993
54 83 769
55 56 983
55 57 336
55 58 683
55 59 634
55 60 348
55 61 668
55 62 780
55 63 665
55 64 965
55 65 795
55 66 456
55 67 501
55 68 721
55 69 482
55 70 865
55 71 923
55 72 714
55 73 129
55 74 990
55 75 865
55 76 411
55 77 558
55 78 417
55 79 875
55 80 534
55 81 469
55 82 610
55 83 629
55 84 993
56 57 353
56 58 419
56 59 476
56 60 705
56 61 661
56 62 988
56 63 515
56 64 604
56 65 836
56 66 893
56 67 631
56 68 265
56 69 443
56 70 764
56 71 791
56 72 532
56 73 557
56 74 537
56 75 210
56 76 190
56 77 847
56 78 585
56 79 300
56 80 278
56 81 655
56 82 937
56 83 137
56 84 516
56 85 156
57 58 122
57 59 449
57 60 869
57 61 499
57 62 338
57 63 487
57 64 392
57 65 519
57 66 686
57 67 455
57 68 432
57 69 676
57 70 786
57 71 684
57 72 918
57 73 642
57 74 733
57 75 419
57 76 919
57 77 379
57 78 485
57 79 148
57 80 984
57 81 286
57 82 925
57 83 106
57 84 699
57 85 491
57 86 194
58 59 891
58 60 474
58 61 177
58 62 980
58 63 996
58 64 550
58 65 715
58 66 753
58 67 575
58 68 944
58 69 975
58 70 565
58 71 182
58 72 478
58 73 907
58 74 251
58 75 391
58 76 744
58 77 775
58 78 827
58 79 779
58 80 956
58 81 216
58 82 380
58 83 475
58 84 769
58 85 427
58 86 103
58 87 631
59 60 845
59 61 846
59 62 312
59 63 448
59 64 478
59 65 973
59 66 225
59 67 461
59 68 816
59 69 287
59 70 234
59 71 657
59 72 464
59 73 347
59 74 747
59 75 880
59 76 618
59 77 676
59 78 375
59 79 257
59 80 683
59 81 426
59 82 982
59 83 508
59 84 577
59 85 642
59 86 382
59 87 859
59 88 162
60 61 671
60 62 436
60 63 765
60 64 165
60 65 752
60 66 702
60 67 413
60 68 889
60 69 362
60 70 449
60 71 228
60 72 951
60 73 259
60 74 599
60 75 708
60 76 647
60 77 192
60 78 663
60 79 246
60 80 796
60 81 414
60 82 127
60 83 997
60 84 688
60 85 424
60 86 268
60 87 828
60 88 967
60 89 425
61 62 700
61 63 420
61 64 818
61 65 209
61 66 430
61 67 270
61 68 403
61 69 862
61 70 742
61 71 182
61 72 829
61 73 365
61 74 553
61 75 988
61 76 560
61 77 806
61 78 141
61 79 755
61 80 510
61 81 515
61 82 726
61 83 443
61 84 657
61 85 475
61 86 954
61 87 339
61 88 268
61 89 709
61 90 917
62 63 182
62 64 382
62 65 883
62 66 572
62 67 970
62 68 541
62 69 492
62 70 221
62 71 659
62 72 507
62 73 128
62 74 455
62 75 550
62 76 695
62 77 571
62 78 988
62 79 227
62 80 348
62 81 708
62 82 491
62 83 826
62 84 958
62 85 926
62 86 557
62 87 870
62 88 839
62 89 514
62 90 183
62 91 190
63 64 160
63 65 852
63 66 135
63 67 721
63 68 254
63 69 775
63 70 472
63 71 586
63 72 598
63 73 204
63 74 299
63 75 866
63 76 934
63 77 154
63 78 134
63 79 773
63 80 277
63 81 675
63 82 295
63 83 129
63 84 802
63 85 754
63 86 188
63 87 391
63 88 981
63 89 404
63 90 360
63 91 986
63 92 286
64 65 371
64 66 686
64 67 582
64 68 862
64 69 805
64 70 496
64 71 606
64 72 376
64 73 230
64 74 724
64 75 619
64 76 195
64 77 639
64 78 284
64 79 708
64 80 600
64 81 545
64 82 699
64 83 613
64 84 891
64 85 664
64 86 740
64 87 608
64 88 322
64 89 634
64 90 339
64 91 310
64 92 839
64 93 724
65 66 541
65 67 109
65 68 799
65 69 518
65 70 418
65 71 842
65 72 108
65 73 109
65 74 515
65 75 329
65 76 996
65 77 249
65 78 467
65 79 536
65 80 307
65 81 681
65 82 717
65 83 327
65 84 206
65 85 615
65 86 664
65 87 644
65 88 553
65 89 535
65 90 676
65 91 393
65 92 155
65 93 902
65 94 495
66 67 115
66 68 674
66 69 684
66 70 693
66 71 360
66 72 744
66 73 793
66 74 864
66 75 376
66 76 833
66 77 425
66 78 867
66 79 500
66 80 410
66 81 788
66 82 883
66 83 671
66 84 170
66 85 207
66 86 861
66 87 287
66 88 196
66 89 338
66 90 213
66 91 938
66 92 569
66 93 143
66 94 626
66 95 553
67 68 616
67 69 216
67 70 469
67 71 400
67 72 984
67 73 238
67 74 330
67 75 730
67 76 532
67 77 125
67 78 124
67 79 255
67 80 136
67 81 987
67 82 797
67 83 795
67 84 132
67 85 384
67 86 345
67 87 443
67 88 606
67 89 826
67 90 857
67 91 883
67 92 174
67 93 976
67 94 282
67 95 903
67 96 104
68 69 902
68 70 159
68 71 827
68 72 171
68 73 147
68 74 218
68 75 702
68 76 234
68 77 755
68 78 861
68 79 209
68 80 558
68 81 784
68 82 359
68 83 920
68 84 841
68 85 615
68 86 114
68 87 686
68 88 547
68 89 146
68 90 119
68 91 408
68 92 675
68 93 929
68 94 360
68 95 823
68 96 291
68 97 249
69 70 484
69 71 348
69 72 368
69 73 635
69 74 572
69 75 318
69 76 228
69 77 787
69 78 436
69 79 800
69 80 862
69 81 311
69 82 454
69 83 574
69 84 938
69 85 339
69 86 405
69 87 808
69 88 392
69 89 893
69 90 130
69 91 887
69 92 376
69 93 987
69 94 775
69 95 647
69 96 428
69 97 447
69 98 167
70 71 822
70 72 565
70 73 234
70 74 817
70 75 640
70 76 654
70 77 761
70 78 251
70 79 175
70 80 400
70 81 216
70 82 135
70 83 185
70 84 957
70 85 989
70 86 951
70 87 578
70 88 435
70 89 486
70 90 678
70 91 616
70 92 394
70 93 220
70 94 432
70 95 661
70 96 525
70 97 489
70 98 448
70 99 352
71 72 735
71 73 357
71 74 973
71 75 323
71 76 684
71 77 335
71 78 120
71 79 210
71 80 233
71 81 257
71 82 660
71 83 909
71 84 836
71 85 455
71 86 763
71 87 500
71 88 903
71 89 467
71 90 447
71 91 258
71 92 548
71 93 325
71 94 620
71 95 307
71 96 519
71 97 341
71 98 129
71 99 651
71 100 216
72 73 572
72 74 448
72 75 590
72 76 236
72 77 781
72 78 203
72 79 368
72 80 966
72 81 601
72 82 368
72 83 287
72 84 368
72 85 477
72 86 719
72 87 912
72 88 278
72 89 293
72 90 657
72 91 635
72 92 723
72 93 787
72 94 933
72 95 975
72 96 781
72 97 236
72 98 520
72 99 987
72 100 856
72 101 725
73 74 325
73 75 749
73 76 424
73 77 709
73 78 328
73 79 343
73 80 472
73 81 801
73 82 428
73 83 434
73 84 735
73 85 714
73 86 866
73 87 706
73 88 421
73 89 505
73 90 209
73 91 484
73 92 755
73 93 546
73 94 743
73 95 934
73 96 765
73 97 339
73 98 834
73 99 355
73 100 592
73 101 361
73 102 641
74 75 650
74 76 960
74 77 530
74 78 379
74 79 308
74 80 961
74 81 920
74 82 177
74 83 816
74 84 870
74 85 287
74 86 205
74 87 583
74 88 581
74 89 605
74 90 537
74 91 441
74 92 857
74 93 137
74 94 821
74 95 193
74 96 257
74 97 640
74 98 223
74 99 726
74 100 251
74 101 216
74 102 891
74 103 190
75 76 748
75 77 270
75 78 204
75 79 487
75 80 171
75 81 386
75 82 415
75 83 981
75 84 497
75 85 483
75 86 508
75 87 940
75 88 212
75 89 827
75 90 697
75 91 491
75 92 310
75 93 742
75 94 940
75 95 453
75 96 929
75 97 478
75 98 313
75 99 524
75 100 846
75 101 166
75 102 580
75 103 127
75 104 322
76 77 203
76 78 965
76 79 286
76 80 863
76 81 386
76 82 291
76 83 813
76 84 291
76 85 379
76 86 451
76 87 104
76 88 692
76 89 794
76 90 288
76 91 918
76 92 859
76 93 726
76 94 391
76 95 220
76 96 328
76 97 687
76 98 915
76 99 418
76 100 454
76 101 258
76 102 822
76 103 410
76 104 467
76 105 661
77 78 707
77 79 373
77 80 303
77 81 382
77 82 501
77 83 290
77 84 668
77 85 508
77 86 736
77 87 684
77 88 306
77 89 648
77 90 892
77 91 544
77 92 121
77 93 443
77 94 296
77 95 273
77 96 366
77 97 875
77 98 602
77 99 414
77 100 917
77 101 400
77 102 353
77 103 173
77 104 181
77 105 423
77 106 314
78 79 458
78 80 604
78 81 594
78 82 528
78 83 274
78 84 613
78 85 441
78 86 152
78 87 591
78 88 422
78 89 682
78 90 103
78 91 881
78 92 993
78 93 601
78 94 469
78 95 979
78 96 186
78 97 958
78 98 541
78 99 633
78 100 128
78 101 104
78 102 649
78 103 882
78 104 857
78 105 180
78 106 835
78 107 802
79 80 489
79 81 648
79 82 593
79 83 830
79 84 776
79 85 574
79 86 779
79 87 521
79 88 174
79 89 125
79 90 450
79 91 566
79 92 890
79 93 827
79 94 815
79 95 840
79 96 659
79 97 977
79 98 635
79 99 791
79 100 111
79 101 238
79 102 903
79 103 131
79 104 376
79 105 677
79 106 260
79 107 213
79 108 468
80 81 314
80 82 118
80 83 906
80 84 135
80 85 743
80 86 135
80 87 806
80 88 857
80 89 108
80 90 161
80 91 208
80 92 536
80 93 815
80 94 549
80 95 660
80 96 203
80 97 514
80 98 156
80 99 101
80 100 451
80 101 285
80 102 129
80 103 797
80 104 623
80 105 832
80 106 295
80 107 118
80 108 531
80 109 920
81 82 875
81 83 820
81 84 967
81 85 961
81 86 487
81 87 458
81 88 839
81 89 928
81 90 715
81 91 659
81 92 273
81 93 184
81 94 426
81 95 502
81 96 808
81 97 760
81 98 755
81 99 748
81 100 326
81 101 906
81 102 285
81 103 422
81 104 164
81 105 273
81 106 668
81 107 473
81 108 844
81 109 576
81 110 762
82 83 419
82 84 835
82 85 432
82 86 971
82 87 241
82 88 546
82 89 956
82 90 714
82 91 149
82 92 363
82 93 974
82 94 351
82 95 140
82 96 178
82 97 609
82 98 472
82 99 129
82 100 359
82 101 844
82 102 905
82 103 191
82 104 274
82 105 231
82 106 303
82 107 917
82 108 894
82 109 533
82 110 299
82 111 460
83 84 550
83 85 131
83 86 746
83 87 166
83 88 611
83 89 788
83 90 730
83 91 420
83 92 349
83 93 119
83 94 613
83 95 747
83 96 459
83 97 738
83 98 541
83 99 448
83 100 151
83 101 255
83 102 546
83 103 619
83 104 398
83 105 512
83 106 804
83 107 983
83 108 239
83 109 363
83 110 247
83 111 211
83 112 441
84 85 139
84 86 606
84 87 236
84 88 199
84 89 894
84 90 426
84 91 277
84 92 487
84 93 506
84 94 129
84 95 458
84 96 353
84 97 225
84 98 684
84 99 795
84 100 165
84 101 251
84 102 767
84 103 759
84 104 682
84 105 883
84 106 425
84 107 996
84 108 673
84 109 781
84 110 250
84 111 734
84 112 430
84 113 942
85 86 741
85 87 376
85 88 981
85 89 628
85 90 692
85 91 842
85 92 220
85 93 129
85 94 184
85 95 664
85 96 288
85 97 193
85 98 290
85 99 866
85 100 892
85 101 617
85 102 271
85 103 968
85 104 683
85 105 393
85 106 447
85 107 911
85 108 244
85 109 613
85 110 431
85 111 799
85 112 561
85 113 577
85 114 764
86 87 575
86 88 185
86 89 635
86 90 176
86 91 941
86 92 660
86 93 791
86 94 873
86 95 653
86 96 767
86 97 804
86 98 940
86 99 425
86 100 995
86 101 179
86 102 915
86 103 309
86 104 860
86 105 108
86 106 944
86 107 191
86 108 562
86 109 911
86 110 411
86 111 965
86 112 195
86 113 695
86 114 683
86 115 783
87 88 573
87 89 563
87 90 573
87 91 388
87 92 633
87 93 807
87 94 438
87 95 134
87 96 684
87 97 908
87 98 232
87 99 633
87 100 857
87 101 297
87 102 552
87 103 955
87 104 800
87 105 608
87 106 579
87 107 269
87 108 292
87 109 984
87 110 738
87 111 483
87 112 854
87 113 943
87 114 590
87 115 959
87 116 791
88 89 225
88 90 669
88 91 739
88 92 331
88 93 670
88 94 735
88 95 267
88 96 687
88 97 571
88 98 164
88 99 683
88 100 648
88 101 889
88 102 970
88 103 355
88 104 948
88 105 685
88 106 875
88 107 496
88 108 489
88 109 269
88 110 870
88 111 646
88 112 939
88 113 455
88 114 865
88 115 625
88 116 658
88 117 154
89 90 636
89 91 704
89 92 428
89 93 613
89 94 904
89 95 777
89 96 781
89 97 512
89 98 778
89 99 667
89 100 496
89 101 610
89 102 391
89 103 928
89 104 518
89 105 646
89 106 943
89 107 981
89 108 986
89 109 383
89 110 755
89 111 643
89 112 501
89 113 870
89 114 577
89 115 680
89 116 485
89 117 916
89 118 297
90 91 577
90 92 174
90 93 980
90 94 265
90 95 628
90 96 876
90 97 513
90 98 304
90 99 626
90 100 226
90 101 853
90 102 942
90 103 834
90 104 462
90 105 971
90 106 864
90 107 660
90 108 761
90 109 141
90 110 377
90 111 147
90 112 371
90 113 928
90 114 308
90 115 338
90 116 219
90 117 869
90 118 106
90 119 891
91 92 991
91 93 211
91 94 993
91 95 369
91 96 565
91 97 897
91 98 703
91 99 107
91 100 631
91 101 742
91 102 361
91 103 116
91 104 248
91 105 166
91 106 486
91 107 645
91 108 476
91 109 660
91 110 816
91 111 503
91 112 750
91 113 112
91 114 952
91 115 176
91 116 363
91 117 177
91 118 936
91 119 302
91 120 610
92 93 376
92 94 458
92 95 928
92 96 365
92 97 435
92 98 587
92 99 967
92 100 299
92 101 264
92 102 774
92 103 187
92 104 804
92 105 758
92 106 548
92 107 284
92 108 124
92 109 122
92 110 472
92 111 275
92 112 508
92 113 497
92 114 899
92 115 715
92 116 816
92 117 957
92 118 852
92 119 947
92 120 892
92 121 401
93 94 965
93 95 257
93 96 342
93 97 939
93 98 329
93 99 563
93 100 943
93 101 894
93 102 402
93 103 329
93 104 560
93 105 823
93 106 889
93 107 800
93 108 312
93 109 368
93 110 831
93 111 799
93 112 128
93 113 436
93 114 681
93 115 713
93 116 491
93 117 744
93 118 975
93 119 257
93 120 727
93 121 918
93 122 516
94 95 493
94 96 391
94 97 471
94 98 316
94 99 558
94 100 416
94 101 782
94 102 890
94 103 841
94 104 298
94 105 354
94 106 700
94 107 712
94 108 291
94 109 257
94 110 962
94 111 930
94 112 913
94 113 645
94 114 696
94 115 697
94 116 551
94 117 390
94 118 306
94 119 924
94 120 600
94 121 492
94 122 375
94 123 392
95 96 331
95 97 710
95 98 665
95 99 704
95 100 831
95 101 944
95 102 824
95 103 327
95 104 970
95 105 604
95 106 684
95 107 814
95 108 679
95 109 147
95 110 560
95 111 458
95 112 420
95 113 991
95 114 593
95 115 412
95 116 619
95 117 634
95 118 926
95 119 419
95 120 824
95 121 611
95 122 807
95 123 355
95 124 225
96 97 364
96 98 522
96 99 947
96 100 690
96 101 588
96 102 375
96 103 201
96 104 962
96 105 611
96 106 447
96 107 481
96 108 482
96 109 407
96 110 295
96 111 853
96 112 426
96 113 220
96 114 800
96 115 278
96 116 679
96 117 896
96 118 224
96 119 362
96 120 926
96 121 738
96 122 919
96 123 801
96 124 300
96 125 444
97 98 896
97 99 557
97 100 990
97 101 129
97 102 335
97 103 343
97 104 685
97 105 687
97 106 336
97 107 336
97 108 414
97 109 519
97 110 235
97 111 931
97 112 657
97 113 992
97 114 269
97 115 648
97 116 615
97 117 972
97 118 800
97 119 361
97 120 782
97 121 400
97 122 957
97 123 941
97 124 968
97 125 684
97 126 182
98 99 575
98 100 697
98 101 672
98 102 551
98 103 288
98 104 364
98 105 957
98 106 757
98 107 188
98 108 449
98 109 331
98 110 245
98 111 419
98 112 935
98 113 126
98 114 232
98 115 826
98 116 111
98 117 202
98 118 368
98 119 111
98 120 377
98 121 456
98 122 947
98 123 127
98 124 698
98 125 968
98 126 945
98 127 712
99 100 135
99 101 324
99 102 950
99 103 812
99 104 443
99 105 779
99 106 239
99 107 724
99 108 659
99 109 645
99 110 624
99 111 682
99 112 720
99 113 424
99 114 690
99 115 374
99 116 690
99 117 505
99 118 666
99 119 113
99 120 369
99 121 453
99 122 423
99 123 402
99 124 923
99 125 775
99 126 649
99 127 633
99 128 787
100 101 342
100 102 416
100 103 463
100 104 169
100 105 796
100 106 165
100 107 405
100 108 447
100 109 766
100 110 944
100 111 242
100 112 525
100 113 726
100 114 189
100 115 724
100 116 198
100 117 659
100 118 985
100 119 821
100 120 489
100 121 839
100 122 507
100 123 881
100 124 792
100 125 213
100 126 173
100 127 144
100 128 193
100 129 416
101 102 820
101 103 713
101 104 525
101 105 569
101 106 227
101 107 980
101 108 689
101 109 380
101 110 236
101 111 204
101 112 254
101 113 804
101 114 965
101 115 480
101 116 940
101 117 592
101 118 554
101 119 267
101 120 373
101 121 149
101 122 307
101 123 550
101 124 411
101 125 375
101 126 468
101 127 538
101 128 500
101 129 453
101 130 202
102 103 838
102 104 466
102 105 854
102 106 409
102 107 261
102 108 837
102 109 260
102 110 240
102 111 544
102 112 209
102 113 814
102 114 974
102 115 581
102 116 774
102 117 969
102 118 557
102 119 291
102 120 820
102 121 859
102 122 444
102 123 886
102 124 315
102 125 169
102 126 574
102 127 320
102 128 534
102 129 868
102 130 379
102 131 901
103 104 322
103 105 671
103 106 702
103 107 997
103 108 161
103 109 869
103 110 500
103 111 147
103 112 702
103 113 395
103 114 223
103 115 860
103 116 164
103 117 222
103 118 492
103 119 293
103 120 311
103 121 174
103 122 647
103 123 141
103 124 268
103 125 766
103 126 463
103 127 645
103 128 435
103 129 730
103 130 527
103 131 799
103 132 496
104 105 684
104 106 966
104 107 539
104 108 653
104 109 780
104 110 498
104 111 699
104 112 430
104 113 525
104 114 562
104 115 740
104 116 705
104 117 411
104 118 210
104 119 294
104 120 197
104 121 939
104 122 550
104 123 100
104 124 388
104 125 332
104 126 590
104 127 446
104 128 528
104 129 800
104 130 591
104 131 127
104 132 959
104 133 247
105 106 177
105 107 833
105 108 773
105 109 586
105 110 786
105 111 929
105 112 131
105 113 551
105 114 152
105 115 389
105 116 856
105 117 531
105 118 146
105 119 892
105 120 926
105 121 956
105 122 569
105 123 104
105 124 910
105 125 353
105 126 923
105 127 980
105 128 858
105 129 648
105 130 641
105 131 706
105 132 593
105 133 623
105 134 621
106 107 310
106 108 128
106 109 973
106 110 770
106 111 168
106 112 927
106 113 396
106 114 210
106 115 468
106 116 406
106 117 313
106 118 448
106 119 165
106 120 275
106 121 634
106 122 508
106 123 821
106 124 361
106 125 166
106 126 620
106 127 881
106 128 114
106 129 596
106 130 625
106 131 483
106 132 265
106 133 678
106 134 826
106 135 147
107 108 328
107 109 482
107 110 665
107 111 340
107 112 701
107 113 647
107 114 130
107 115 393
107 116 689
107 117 860
107 118 577
107 119 339
107 120 527
107 121 558
107 122 192
107 123 590
107 124 342
107 125 920
107 126 684
107 127 235
107 128 925
107 129 152
107 130 986
107 131 966
107 132 806
107 133 854
107 134 903
107 135 235
107 136 575
108 109 141
108 110 475
108 111 979
108 112 268
108 113 135
108 114 617
108 115 746
108 116 476
108 117 980
108 118 336
108 119 243
108 120 300
108 121 514
108 122 523
108 123 359
108 124 781
108 125 663
108 126 717
108 127 996
108 128 831
108 129 514
108 130 908
108 131 299
108 132 807
108 133 836
108 134 370
108 135 165
108 136 971
108 137 421
109 110 818
109 111 858
109 112 232
109 113 142
109 114 266
109 115 109
109 116 250
109 117 428
109 118 452
109 119 895
109 120 352
109 121 583
109 122 840
109 123 398
109 124 325
109 125 958
109 126 328
109 127 260
109 128 875
109 129 647
109 130 300
109 131 248
109 132 840
109 133 373
109 134 948
109 135 301
109 136 124
109 137 787
109 138 727
110 111 564
110 112 745
110 113 312
110 114 779
110 115 461
110 116 746
110 117 400
110 118 199
110 119 656
110 120 411
110 121 360
110 122 185
110 123 399
110 124 848
110 125 835
110 126 995
110 127 681
110 128 618
110 129 851
110 130 415
110 131 484
110 132 865
110 133 981
110 134 118
110 135 200
110 136 862
110 137 928
110 138 869
110 139 448
111 112 363
111 113 404
111 114 894
111 115 555
111 116 441
111 117 334
111 118 962
111 119 554
111 120 299
111 121 772
111 122 778
111 123 103
111 124 718
111 125 235
111 126 179
111 127 715
111 128 634
111 129 706
111 130 393
111 131 399
111 132 890
111 133 273
111 134 929
111 135 307
111 136 840
111 137 768
111 138 168
111 139 655
111 140 832
112 113 133
112 114 132
112 115 336
112 116 660
112 117 719
112 118 562
112 119 594
112 120 989
112 121 890
112 122 785
112 123 313
112 124 571
112 125 403
112 126 773
112 127 332
112 128 513
112 129 705
112 130 863
112 131 143
112 132 205
112 133 325
112 134 454
112 135 535
112 136 557
112 137 909
112 138 681
112 139 509
112 140 222
112 141 707
113 114 549
113 115 768
113 116 536
113 117 722
113 118 165
113 119 775
113 120 558
113 121 945
113 122 517
113 123 887
113 124 252
113 125 846
113 126 456
113 127 404
113 128 449
113 129 817
113 130 584
113 131 704
113 132 328
113 133 807
113 134 947
113 135 836
113 136 505
113 137 180
113 138 376
113 139 892
113 140 333
113 141 955
113 142 637
114 115 560
114 116 893
114 117 686
114 118 535
114 119 705
114 120 983
114 121 268
114 122 897
114 123 278
114 124 103
114 125 142
114 126 855
114 127 808
114 128 212
114 129 722
114 130 592
114 131 741
114 132 664
114 133 712
114 134 775
114 135 194
114 136 550
114 137 280
114 138 350
114 139 317
114 140 878
114 141 820
114 142 845
114 143 717
115 116 527
115 117 569
115 118 954
115 119 652
115 120 100
115 121 649
115 122 976
115 123 298
115 124 977
115 125 951
115 126 697
115 127 913
115 128 276
115 129 744
115 130 483
115 131 537
115 132 964
115 133 507
115 134 183
115 135 744
115 136 927
115 137 465
115 138 497
115 139 852
115 140 681
115 141 126
115 142 185
115 143 259
115 144 933
116 117 430
116 118 703
116 119 863
116 120 984
116 121 155
116 122 608
116 123 547
116 124 622
116 125 475
116 126 438
116 127 322
116 128 919
116 129 162
116 130 346
116 131 746
116 132 580
116 133 129
116 134 380
116 135 563
116 136 686
116 137 272
116 138 981
116 139 698
116 140 152
116 141 301
116 142 676
116 143 358
116 144 729
116 145 351
117 118 531
117 119 235
117 120 607
117 121 420
117 122 368
117 123 332
117 124 660
117 125 677
117 126 105
117 127 702
117 128 185
117 129 308
117 130 580
117 131 971
117 132 352
117 133 847
117 134 693
117 135 602
117 136 693
117 137 253
117 138 297
117 139 711
117 140 827
117 141 718
117 142 850
117 143 295
117 144 230
117 145 544
117 146 581
118 119 569
118 120 222
118 121 829
118 122 998
118 123 253
118 124 247
118 125 560
118 126 635
118 127 255
118 128 502
118 129 620
118 130 745
118 131 705
118 132 496
118 133 420
118 134 979
118 135 679
118 136 500
118 137 175
118 138 644
118 139 284
118 140 429
118 141 187
118 142 975
118 143 801
118 144 372
118 145 583
118 146 246
118 147 755
119 120 416
119 121 438
119 122 599
119 123 278
119 124 800
119 125 176
119 126 945
119 127 597
119 128 608
119 129 148
119 130 356
119 131 136
119 132 652
119 133 610
119 134 633
119 135 863
119 136 423
119 137 598
119 138 859
119 139 439
119 140 712
119 141 299
119 142 215
119 143 765
119 144 459
119 145 347
119 146 612
119 147 273
119 148 163
120 121 443
120 122 497
120 123 660
120 124 665
120 125 743
120 126 327
120 127 548
120 128 554
120 129 864
120 130 357
120 131 779
120 132 445
120 133 323
120 134 745
120 135 448
120 136 160
120 137 894
120 138 466
120 139 385
120 140 251
120 141 449
120 142 149
120 143 593
120 144 209
120 145 615
120 146 723
120 147 851
120 148 271
120 149 724
121 122 793
121 123 485
121 124 827
121 125 799
121 126 683
121 127 207
121 128 159
121 129 113
121 130 734
121 131 899
121 132 252
121 133 884
121 134 194
121 135 195
121 136 887
121 137 480
121 138 705
121 139 531
121 140 256
121 141 171
121 142 658
121 143 911
121 144 110
121 145 673
121 146 630
121 147 743
121 148 409
121 149 190
121 150 848
122 123 602
122 124 644
122 125 725
122 126 569
122 127 499
122 128 202
122 129 707
122 130 623
122 131 697
122 132 334
122 133 112
122 134 799
122 135 675
122 136 100
122 137 101
122 138 422
122 139 194
122 140 660
122 141 168
122 142 884
122 143 581
122 144 328
122 145 762
122 146 375
122 147 741
122 148 472
122 149 442
122 150 998
122 151 922
123 124 655
123 125 751
123 126 167
123 127 201
123 128 738
123 129 635
123 130 327
123 131 509
123 132 943
123 133 213
123 134 908
123 135 676
123 136 707
123 137 119
123 138 793
123 139 877
123 140 302
123 141 211
123 142 137
123 143 342
123 144 284
123 145 567
123 146 912
123 147 921
123 148 411
123 149 630
123 150 604
123 151 439
123 152 279
124 125 108
124 126 352
124 127 387
124 128 581
124 129 621
124 130 836
124 131 343
124 132 808
124 133 366
124 134 713
124 135 576
124 136 306
124 137 746
124 138 731
124 139 596
124 140 996
124 141 341
124 142 406
124 143 425
124 144 272
124 145 501
124 146 248
124 147 686
124 148 396
124 149 614
124 150 315
124 151 790
124 152 265
124 153 658
125 126 785
125 127 788
125 128 994
125 129 914
125 130 876
125 131 432
125 132 173
125 133 451
125 134 979
125 135 377
125 136 463
125 137 376
125 138 665
125 139 411
125 140 490
125 141 121
125 142 599
125 143 304
125 144 145
125 145 411
125 146 813
125 147 898
125 148 314
125 149 567
125 150 892
125 151 745
125 152 422
125 153 469
125 154 548
126 127 608
126 128 211
126 129 968
126 130 473
126 131 351
126 132 394
126 133 489
126 134 177
126 135 345
126 136 359
126 137 938
126 138 291
126 139 873
126 140 911
126 141 252
126 142 842
126 143 850
126 144 897
126 145 428
126 146 773
126 147 544
126 148 947
126 149 377
126 150 802
126 151 172
126 152 682
126 153 933
126 154 600
126 155 627
127 128 152
127 129 457
127 130 227
127 131 301
127 132 671
127 133 413
127 134 240
127 135 338
127 136 960
127 137 538
127 138 762
127 139 564
127 140 982
127 141 449
127 142 769
127 143 154
127 144 398
127 145 271
127 146 691
127 147 107
127 148 149
127 149 804
127 150 606
127 151 881
127 152 371
127 153 647
127 154 947
127 155 711
127 156 923
128 129 922
128 130 156
128 131 864
128 132 100
128 133 377
128 134 307
128 135 548
128 136 507
128 137 861
128 138 839
128 139 228
128 140 605
128 141 668
128 142 876
128 143 949
128 144 294
128 145 349
128 146 298
128 147 593
128 148 935
128 149 388
128 150 572
128 151 954
128 152 384
128 153 552
128 154 459
128 155 241
128 156 228
128 157 166
129 130 935
129 131 389
129 132 634
129 133 913
129 134 817
129 135 178
129 136 602
129 137 812
129 138 271
129 139 999
129 140 943
129 141 960
129 142 247
129 143 616
129 144 979
129 145 876
129 146 748
129 147 505
129 148 736
129 149 845
129 150 741
129 151 139
129 152 340
129 153 316
129 154 377
129 155 776
129 156 400
129 157 213
129 158 455
130 131 640
130 132 919
130 133 556
130 134 400
130 135 853
130 136 858
130 137 582
130 138 103
130 139 873
130 140 404
130 141 945
130 142 567
130 143 699
130 144 336
130 145 522
130 146 390
130 147 187
130 148 581
130 149 629
130 150 116
130 151 776
130 152 211
130 153 633
130 154 382
130 155 264
130 156 225
130 157 899
130 158 332
130 159 473
131 132 381
131 133 762
131 134 145
131 135 207
131 136 498
131 137 533
131 138 207
131 139 405
131 140 200
131 141 638
131 142 976
131 143 618
131 144 937
131 145 318
131 146 566
131 147 437
131 148 138
131 149 458
131 150 183
131 151 132
131 152 366
131 153 791
131 154 473
131 155 867
131 156 483
131 157 914
131 158 752
131 159 653
131 160 880
132 133 293
132 134 540
132 135 150
132 136 638
132 137 366
132 138 367
132 139 506
132 140 614
132 141 438
132 142 911
132 143 832
132 144 668
132 145 214
132 146 237
132 147 187
132 148 296
132 149 182
132 150 546
132 151 232
132 152 685
132 153 629
132 154 971
132 155 937
132 156 898
132 157 918
132 158 249
132 159 570
132 160 919
132 161 484
133 134 998
133 135 247
133 136 998
133 137 737
133 138 304
133 139 244
133 140 552
133 141 274
133 142 579
133 143 847
133 144 940
133 145 782
133 146 428
133 147 874
133 148 485
133 149 225
133 150 947
133 151 472
133 152 229
133 153 903
133 154 795
133 155 169
133 156 443
133 157 977
133 158 511
133 159 116
133 160 335
133 161 358
133 162 187
134 135 399
134 136 241
134 137 210
134 138 795
134 139 528
134 140 424
134 141 790
134 142 823
134 143 970
134 144 342
134 145 423
134 146 107
134 147 118
134 148 955
134 149 468
134 150 125
134 151 585
134 152 749
134 153 543
134 154 281
134 155 776
134 156 329
134 157 922
134 158 348
134 159 761
134 160 467
134 161 237
134 162 952
134 163 900
135 136 307
135 137 946
135 138 981
135 139 290
135 140 762
135 141 859
135 142 942
135 143 896
135 144 141
135 145 391
135 146 115
135 147 862
135 148 203
135 149 914
135 150 621
135 151 916
135 152 161
135 153 772
135 154 410
135 155 636
135 156 594
135 157 684
135 158 885
135 159 979
135 160 122
135 161 159
135 162 203
135 163 239
135 164 811
136 137 746
136 138 570
136 139 602
136 140 853
136 141 380
136 142 346
136 143 515
136 144 946
136 145 435
136 146 670
136 147 814
136 148 763
136 149 481
136 150 286
136 151 673
136 152 345
136 153 798
136 154 977
136 155 876
136 156 298
136 157 847
136 158 765
136 159 974
136 160 310
136 161 894
136 162 445
136 163 242
136 164 804
136 165 637
137 138 461
137 139 776
137 140 653
137 141 837
137 142 983
137 143 315
137 144 287
137 145 963
137 146 972
137 147 605
137 148 200
137 149 984
137 150 742
137 151 454
137 152 132
137 153 218
137 154 208
137 155 744
137 156 100
137 157 298
137 158 287
137 159 486
137 160 177
137 161 994
137 162 699
137 163 698
137 164 720
137 165 449
137 166 326
138 139 819
138 140 598
138 141 245
138 142 898
138 143 632
138 144 659
138 145 872
138 146 868
138 147 523
138 148 501
138 149 740
138 150 176
138 151 241
138 152 385
138 153 939
138 154 146
138 155 189
138 156 567
138 157 459
138 158 688
138 159 737
138 160 570
138 161 519
138 162 956
138 163 398
138 164 158
138 165 845
138 166 739
138 167 424
139 140 607
139 141 870
139 142 207
139 143 752
139 144 409
139 145 259
139 146 652
139 147 814
139 148 777
139 149 822
139 150 622
139 151 634
139 152 727
139 153 635
139 154 877
139 155 509
139 156 361
139 157 263
139 158 129
139 159 764
139 160 666
139 161 816
139 162 546
139 163 534
139 164 205
139 165 459
139 166 956
139 167 593
139 168 315
140 141 459
140 142 176
140 143 385
140 144 289
140 145 825
140 146 711
140 147 269
140 148 530
140 149 700
140 150 995
140 151 797
140 152 441
140 153 713
140 154 992
140 155 394
140 156 999
140 157 514
140 158 875
140 159 389
140 160 315
140 161 317
140 162 898
140 163 745
140 164 394
140 165 451
140 166 299
140 167 699
140 168 343
140 169 837
141 142 550
141 143 333
141 144 537
141 145 891
141 146 773
141 147 982
141 148 840
141 149 286
141 150 279
141 151 150
141 152 738
141 153 320
141 154 208
141 155 311
141 156 461
141 157 236
141 158 777
141 159 245
141 160 931
141 161 225
141 162 871
141 163 390
141 164 667
141 165 642
141 166 419
141 167 874
141 168 367
141 169 462
141 170 225
142 143 305
142 144 249
142 145 177
142 146 450
142 147 996
142 148 309
142 149 740
142 150 673
142 151 702
142 152 785
142 153 989
142 154 795
142 155 681
142 156 906
142 157 605
142 158 940
142 159 766
142 160 503
142 161 305
142 162 965
142 163 381
142 164 500
142 165 922
142 166 705
142 167 603
142 168 733
142 169 626
142 170 524
142 171 795
143 144 563
143 145 851
143 146 642
143 147 854
143 148 244
143 149 811
143 150 925
143 151 129
143 152 604
143 153 530
143 154 538
143 155 294
143 156 920
143 157 290
143 158 719
143 159 309
143 160 330
143 161 140
143 162 956
143 163 874
143 164 495
143 165 818
143 166 922
143 167 964
143 168 150
143 169 566
143 170 901
143 171 864
143 172 694
144 145 223
144 146 941
144 147 262
144 148 333
144 149 495
144 150 220
144 151 528
144 152 508
144 153 139
144 154 942
144 155 865
144 156 845
144 157 780
144 158 535
144 159 175
144 160 130
144 161 547
144 162 355
144 163 253
144 164 943
144 165 542
144 166 892
144 167 598
144 168 226
144 169 457
144 170 252
144 171 675
144 172 570
144 173 855
145 146 342
145 147 459
145 148 474
145 149 475
145 150 581
145 151 798
145 152 332
145 153 112
145 154 341
145 155 665
145 156 202
145 157 600
145 158 930
145 159 684
145 160 548
145 161 613
145 162 448
145 163 646
145 164 294
145 165 685
145 166 754
145 167 909
145 168 947
145 169 875
145 170 780
145 171 101
145 172 202
145 173 619
145 174 352
146 147 824
146 148 291
146 149 833
146 150 929
146 151 562
146 152 429
146 153 969
146 154 422
146 155 436
146 156 407
146 157 783
146 158 528
146 159 856
146 160 430
146 161 258
146 162 402
146 163 210
146 164 338
146 165 749
146 166 490
146 167 729
146 168 779
146 169 101
146 170 762
146 171 718
146 172 959
146 173 437
146 174 320
146 175 396
147 148 101
147 149 297
147 150 904
147 151 265
147 152 510
147 153 855
147 154 684
147 155 339
147 156 233
147 157 979
147 158 522
147 159 740
147 160 914
147 161 903
147 162 621
147 163 410
147 164 167
147 165 515
147 166 919
147 167 730
147 168 966
147 169 573
147 170 646
147 171 410
147 172 567
147 173 226
147 174 156
147 175 298
147 176 959
148 149 804
148 150 743
148 151 939
148 152 361
148 153 334
148 154 953
148 155 732
148 156 193
148 157 181
148 158 963
148 159 495
148 160 721
148 161 459
148 162 561
148 163 752
148 164 388
148 165 123
148 166 692
148 167 458
148 168 404
148 169 435
148 170 653
148 171 981
148 172 282
148 173 582
148 174 827
148 175 177
148 176 128
148 177 975
149 150 816
149 151 772
149 152 333
149 153 419
149 154 481
149 155 653
149 156 266
149 157 428
149 158 951
149 159 402
149 160 104
149 161 244
149 162 363
149 163 868
149 164 784
149 165 120
149 166 860
149 167 527
149 168 682
149 169 920
149 170 219
149 171 813
149 172 104
149 173 156
149 174 744
149 175 955
149 176 841
149 177 349
149 178 217
150 151 982
150 152 538
150 153 109
150 154 711
150 155 153
150 156 214
150 157 512
150 158 891
150 159 962
150 160 647
150 161 135
150 162 757
150 163 837
150 164 987
150 165 933
150 166 876
150 167 951
150 168 619
150 169 132
150 170 570
150 171 525
150 172 601
150 173 283
150 174 880
150 175 118
150 176 648
150 177 452
150 178 703
150 179 135
151 152 625
151 153 139
151 154 492
151 155 597
151 156 514
151 157 826
151 158 558
151 159 135
151 160 200
151 161 454
151 162 147
151 163 183
151 164 205
151 165 289
151 166 178
151 167 958
151 168 920
151 169 320
151 170 188
151 171 822
151 172 538
151 173 444
151 174 678
151 175 901
151 176 598
151 177 916
151 178 942
151 179 344
151 180 249
152 153 617
152 154 977
152 155 744
152 156 696
152 157 580
152 158 575
152 159 751
152 160 743
152 161 601
152 162 498
152 163 817
152 164 958
152 165 209
152 166 556
152 167 314
152 168 248
152 169 651
152 170 691
152 171 862
152 172 777
152 173 224
152 174 519
152 175 593
152 176 519
152 177 466
152 178 806
152 179 846
152 180 298
152 181 290
153 154 935
153 155 611
153 156 660
153 157 725
153 158 652
153 159 735
153 160 686
153 161 702
153 162 975
153 163 551
153 164 764
153 165 954
153 166 950
153 167 171
153 168 664
153 169 156
153 170 632
153 171 109
153 172 435
153 173 289
153 174 250
153 175 328
153 176 930
153 177 686
153 178 971
153 179 534
153 180 221
153 181 756
153 182 297
154 155 146
154 156 797
154 157 741
154 158 374
154 159 895
154 160 282
154 161 613
154 162 559
154 163 416
154 164 385
154 165 576
154 166 777
154 167 358
154 168 822
154 169 991
154 170 625
154 171 615
154 172 393
154 173 154
154 174 809
154 175 262
154 176 610
154 177 115
154 178 216
154 179 220
154 180 459
154 181 474
154 182 394
154 183 696
155 156 614
155 157 354
155 158 166
155 159 361
155 160 580
155 161 761
155 162 633
155 163 777
155 164 853
155 165 752
155 166 308
155 167 934
155 168 386
155 169 864
155 170 643
155 171 101
155 172 124
155 173 524
155 174 262
155 175 300
155 176 441
155 177 815
155 178 964
155 179 920
155 180 170
155 181 495
155 182 103
155 183 935
155 184 978
156 157 258
156 158 216
156 159 562
156 160 719
156 161 921
156 162 681
156 163 329
156 164 232
156 165 215
156 166 513
156 167 384
156 168 230
156 169 571
156 170 547
156 171 425
156 172 795
156 173 813
156 174 577
156 175 883
156 176 102
156 177 568
156 178 366
156 179 373
156 180 234
156 181 209
156 182 449
156 183 619
156 184 641
156 185 744
157 158 183
157 159 204
157 160 421
157 161 650
157 162 218
157 163 176
157 164 899
157 165 309
157 166 911
157 167 244
157 168 168
157 169 110
157 170 756
157 171 263
157 172 430
157 173 612
157 174 833
157 175 152
157 176 465
157 177 104
157 178 168
157 179 395
157 180 857
157 181 860
157 182 764
157 183 237
157 184 879
157 185 383
157 186 198
158 159 581
158 160 435
158 161 231
158 162 976
158 163 854
158 164 544
158 165 142
158 166 362
158 167 603
158 168 585
158 169 757
158 170 236
158 171 761
158 172 977
158 173 572
158 174 523
158 175 634
158 176 971
158 177 449
158 178 451
158 179 292
158 180 554
158 181 839
158 182 128
158 183 453
158 184 525
158 185 657
158 186 257
158 187 553
159 160 622
159 161 477
159 162 845
159 163 702
159 164 424
159 165 286
159 166 447
159 167 933
159 168 950
159 169 247
159 170 968
159 171 348
159 172 304
159 173 715
159 174 688
159 175 229
159 176 509
159 177 222
159 178 693
159 179 865
159 180 114
159 181 952
159 182 669
159 183 238
159 184 333
159 185 778
159 186 502
159 187 789
159 188 690
160 161 895
160 162 484
160 163 504
160 164 174
160 165 100
160 166 145
160 167 241
160 168 479
160 169 282
160 170 726
160 171 256
160 172 824
160 173 745
160 174 811
160 175 557
160 176 413
160 177 644
160 178 766
160 179 266
160 180 985
160 181 738
160 182 393
160 183 102
160 184 376
160 185 920
160 186 688
160 187 276
160 188 661
160 189 216
161 162 250
161 163 683
161 164 483
161 165 634
161 166 357
161 167 107
161 168 551
161 169 167
161 170 823
161 171 869
161 172 109
161 173 867
161 174 271
161 175 310
161 176 567
161 177 187
161 178 399
161 179 616
161 180 291
161 181 990
161 182 148
161 183 606
161 184 413
161 185 141
161 186 292
161 187 754
161 188 818
161 189 698
161 190 719
162 163 174
162 164 163
162 165 169
162 166 971
162 167 918
162 168 149
162 169 573
162 170 843
162 171 302
162 172 706
162 173 851
162 174 535
162 175 444
162 176 852
162 177 148
162 178 461
162 179 234
162 180 357
162 181 400
162 182 496
162 183 561
162 184 358
162 185 857
162 186 859
162 187 339
162 188 593
162 189 509
162 190 989
162 191 746
163 164 961
163 165 182
163 166 513
163 167 517
163 168 186
163 169 747
163 170 854
163 171 585
163 172 380
163 173 709
163 174 983
163 175 922
163 176 498
163 177 612
163 178 356
163 179 359
163 180 672
163 181 318
163 182 281
163 183 291
163 184 253
163 185 182
163 186 420
163 187 270
163 188 750
163 189 206
163 190 472
163 191 188
163 192 518
164 165 682
164 166 398
164 167 366
164 168 366
164 169 154
164 170 611
164 171 507
164 172 843
164 173 519
164 174 870
164 175 676
164 176 399
164 177 742
164 178 963
164 179 293
164 180 936
164 181 937
164 182 499
164 183 130
164 184 321
164 185 295
164 186 496
164 187 659
164 188 800
164 189 229
164 190 791
164 191 550
164 192 837
164 193 884
165 166 981
165 167 261
165 168 908
165 169 167
165 170 659
165 171 731
165 172 865
165 173 326
165 174 958
165 175 278
165 176 938
165 177 175
165 178 397
165 179 947
165 180 169
165 181 406
165 182 241
165 183 404
165 184 424
165 185 977
165 186 251
165 187 710
165 188 317
165 189 354
165 190 542
165 191 561
165 192 410
165 193 351
165 194 903
166 167 741
166 168 156
166 169 804
166 170 564
166 171 272
166 172 191
166 173 352
166 174 885
166 175 236
166 176 943
166 177 308
166 178 647
166 179 292
166 180 196
166 181 832
166 182 435
166 183 327
166 184 147
166 185 183
166 186 177
166 187 595
166 188 435
166 189 928
166 190 897
166 191 983
166 192 165
166 193 681
166 194 897
166 195 459
167 168 211
167 169 880
167 170 429
167 171 656
167 172 367
167 173 948
167 174 836
167 175 575
167 176 530
167 177 744
167 178 829
167 179 722
167 180 826
167 181 244
167 182 883
167 183 493
167 184 360
167 185 189
167 186 808
167 187 340
167 188 828
167 189 238
167 190 446
167 191 214
167 192 788
167 193 832
167 194 837
167 195 837
167 196 874
168 169 439
168 170 338
168 171 539
168 172 335
168 173 451
168 174 887
168 175 468
168 176 355
168 177 783
168 178 558
168 179 858
168 180 726
168 181 578
168 182 686
168 183 314
168 184 743
168 185 959
168 186 108
168 187 592
168 188 149
168 189 893
168 190 791
168 191 163
168 192 714
168 193 488
168 194 373
168 195 887
168 196 136
168 197 121
169 170 368
169 171 731
169 172 776
169 173 765
169 174 285
169 175 716
169 176 101
169 177 908
169 178 593
169 179 709
169 180 392
169 181 758
169 182 191
169 183 968
169 184 692
169 185 393
169 186 881
169 187 294
169 188 406
169 189 768
169 190 630
169 191 928
169 192 280
169 193 181
169 194 844
169 195 558
169 196 537
169 197 467
169 198 191
170 171 735
170 172 818
170 173 746
170 174 577
170 175 291
170 176 858
170 177 869
170 178 853
170 179 467
170 180 343
170 181 134
170 182 977
170 183 700
170 184 490
170 185 530
170 186 693
170 187 778
170 188 164
170 189 392
170 190 554
170 191 225
170 192 805
170 193 551
170 194 433
170 195 225
170 196 161
170 197 187
170 198 904
170 199 631
171 172 932
171 173 330
171 174 560
171 175 602
171 176 277
171 177 289
171 178 584
171 179 744
171 180 629
171 181 904
171 182 781
171 183 222
171 184 926
171 185 214
171 186 914
171 187 234
171 188 496
171 189 718
171 190 102
171 191 856
171 192 289
171 193 163
171 194 183
171 195 606
171 196 202
171 197 173
171 198 661
171 199 405
171 200 974
172 173 248
172 174 514
172 175 689
172 176 381
172 177 575
172 178 742
172 179 133
172 180 213
172 181 704
172 182 311
172 183 915
172 184 816
172 185 826
172 186 778
172 187 247
172 188 285
172 189 488
172 190 798
172 191 319
172 192 575
172 193 498
172 194 624
172 195 974
172 196 778
172 197 897
172 198 572
172 199 794
172 200 1000
172 201 279
173 174 330
173 175 368
173 176 991
173 177 304
173 178 644
173 179 165
173 180 489
173 181 801
173 182 825
173 183 890
173 184 298
173 185 425
173 186 427
173 187 339
173 188 858
173 189 735
173 190 619
173 191 702
173 192 526
173 193 161
173 194 925
173 195 703
173 196 702
173 197 898
173 198 728
173 199 151
173 200 932
173 201 802
173 202 749
174 175 776
174 176 253
174 177 151
174 178 870
174 179 932
174 180 454
174 181 474
174 182 683
174 183 769
174 184 540
174 185 901
174 186 708
174 187 582
174 188 796
174 189 370
174 190 359
174 191 660
174 192 163
174 193 139
174 194 288
174 195 254
174 196 763
174 197 198
174 198 703
174 199 268
174 200 292
174 201 987
174 202 621
174 203 659
175 176 191
175 177 478
175 178 414
175 179 639
175 180 800
175 181 258
175 182 941
175 183 857
175 184 140
175 185 216
175 186 179
175 187 676
175 188 786
175 189 392
175 190 146
175 191 419
175 192 534
175 193 878
175 194 117
175 195 238
175 196 993
175 197 242
175 198 290
175 199 222
175 200 289
175 201 659
175 202 110
175 203 815
175 204 688
176 177 652
176 178 575
176 179 764
176 180 499
176 181 691
176 182 780
176 183 752
176 184 547
176 185 313
176 186 758
176 187 875
176 188 724
176 189 283
176 190 674
176 191 973
176 192 981
176 193 413
176 194 490
176 195 795
176 196 183
176 197 918
176 198 968
176 199 486
176 200 798
176 201 172
176 202 493
176 203 797
176 204 130
176 205 171
177 178 417
177 179 177
177 180 760
177 181 424
177 182 986
177 183 333
177 184 240
177 185 209
177 186 558
177 187 255
177 188 645
177 189 405
177 190 597
177 191 233
177 192 193
177 193 792
177 194 808
177 195 794
177 196 1000
177 197 673
177 198 979
177 199 745
177 200 575
177 201 503
177 202 393
177 203 516
177 204 911
177 205 320
177 206 405
178 179 108
178 180 218
178 181 445
178 182 376
178 183 845
178 184 201
178 185 134
178 186 746
178 187 651
178 188 459
178 189 614
178 190 512
178 191 434
178 192 788
178 193 552
178 194 512
178 195 406
178 196 168
178 197 308
178 198 367
178 199 589
178 200 763
178 201 969
178 202 329
178 203 683
178 204 718
178 205 195
178 206 278
178 207 509
179 180 305
179 181 364
179 182 452
179 183 823
179 184 333
179 185 111
179 186 896
179 187 827
179 188 166
179 189 220
179 190 838
179 191 668
179 192 260
179 193 164
179 194 685
179 195 419
179 196 509
179 197 154
179 198 992
179 199 634
179 200 497
179 201 297
179 202 915
179 203 623
179 204 243
179 205 592
179 206 592
179 207 399
179 208 275
180 181 279
180 182 279
180 183 300
180 184 582
180 185 982
180 186 527
180 187 198
180 188 712
180 189 617
180 190 500
180 191 208
180 192 388
180 193 993
180 194 933
180 195 833
180 196 111
180 197 184
180 198 651
180 199 194
180 200 419
180 201 977
180 202 934
180 203 119
180 204 357
180 205 769
180 206 297
180 207 666
180 208 858
180 209 552
181 182 701
181 183 669
181 184 781
181 185 309
181 186 982
181 187 165
181 188 751
181 189 269
181 190 676
181 191 937
181 192 313
181 193 502
181 194 669
181 195 748
181 196 422
181 197 295
181 198 933
181 199 113
181 200 172
181 201 282
181 202 939
181 203 291
181 204 535
181 205 517
181 206 384
181 207 193
181 208 380
181 209 806
181 210 274
182 183 978
182 184 547
182 185 378
182 186 728
182 187 678
182 188 329
182 189 577
182 190 581
182 191 326
182 192 483
182 193 941
182 194 596
182 195 442
182 196 942
182 197 119
182 198 500
182 199 202
182 200 847
182 201 167
182 202 518
182 203 906
182 204 705
182 205 779
182 206 331
182 207 240
182 208 901
182 209 109
182 210 719
182 211 445
183 184 114
183 185 805
183 186 157
183 187 698
183 188 765
183 189 455
183 190 142
183 191 438
183 192 421
183 193 258
183 194 445
183 195 594
183 196 367
183 197 415
183 198 548
183 199 587
183 200 607
183 201 849
183 202 929
183 203 762
183 204 727
183 205 521
183 206 586
183 207 965
183 208 488
183 209 330
183 210 120
183 211 205
183 212 437
184 185 235
184 186 910
184 187 167
184 188 392
184 189 697
184 190 350
184 191 790
184 192 641
184 193 921
184 194 144
184 195 139
184 196 481
184 197 161
184 198 848
184 199 509
184 200 264
184 201 603
184 202 210
184 203 847
184 204 696
184 205 823
184 206 630
184 207 853
184 208 640
184 209 938
184 210 743
184 211 275
184 212 292
184 213 866
185 186 104
185 187 632
185 188 336
185 189 343
185 190 543
185 191 657
185 192 622
185 193 698
185 194 343
185 195 808
185 196 308
185 197 141
185 198 709
185 199 702
185 200 937
185 201 184
185 202 932
185 203 870
185 204 802
185 205 271
185 206 802
185 207 641
185 208 951
185 209 332
185 210 393
185 211 420
185 212 722
185 213 741
185 214 212
186 187 166
186 188 231
186 189 584
186 190 847
186 191 247
186 192 667
186 193 622
186 194 161
186 195 573
186 196 486
186 197 552
186 198 231
186 199 783
186 200 265
186 201 232
186 202 770
186 203 116
186 204 250
186 205 687
186 206 252
186 207 761
186 208 294
186 209 771
186 210 798
186 211 975
186 212 254
186 213 123
186 214 365
186 215 849
187 188 590
187 189 152
187 190 499
187 191 661
187 192 279
187 193 378
187 194 722
187 195 309
187 196 323
187 197 371
187 198 497
187 199 255
187 200 315
187 201 468
187 202 352
187 203 722
187 204 994
187 205 626
187 206 758
187 207 227
187 208 503
187 209 398
187 210 869
187 211 280
187 212 658
187 213 763
187 214 110
187 215 607
187 216 112
188 189 772
188 190 511
188 191 714
188 192 929
188 193 758
188 194 667
188 195 449
188 196 421
188 197 601
188 198 228
188 199 423
188 200 914
188 201 183
188 202 309
188 203 186
188 204 668
188 205 395
188 206 964
188 207 174
188 208 186
188 209 789
188 210 897
188 211 394
188 212 753
188 213 516
188 214 353
188 215 791
188 216 813
188 217 407
189 190 651
189 191 983
189 192 235
189 193 181
189 194 370
189 195 657
189 196 108
189 197 153
189 198 238
189 199 447
189 200 651
189 201 882
189 202 661
189 203 115
189 204 355
189 205 722
189 206 303
189 207 227
189 208 703
189 209 106
189 210 544
189 211 637
189 212 126
189 213 982
189 214 614
189 215 753
189 216 537
189 217 658
189 218 299
190 191 516
190 192 439
190 193 496
190 194 193
190 195 188
190 196 685
190 197 689
190 198 888
190 199 807
190 200 251
190 201 820
190 202 397
190 203 264
190 204 313
190 205 261
190 206 956
190 207 162
190 208 942
190 209 317
190 210 614
190 211 558
190 212 940
190 213 331
190 214 427
190 215 921
190 216 674
190 217 195
190 218 444
190 219 889
191 192 553
191 193 973
191 194 897
191 195 779
191 196 429
191 197 555
191 198 661
191 199 797
191 200 610
191 201 717
191 202 381
191 203 442
191 204 115
191 205 731
191 206 204
191 207 220
191 208 116
191 209 842
191 210 462
191 211 227
191 212 930
191 213 853
191 214 967
191 215 671
191 216 763
191 217 977
191 218 663
191 219 494
191 220 267
192 193 140
192 194 587
192 195 992
192 196 551
192 197 244
192 198 486
192 199 530
192 200 379
192 201 383
192 202 992
192 203 465
192 204 301
192 205 521
192 206 237
192 207 982
192 208 568
192 209 488
192 210 290
192 211 259
192 212 702
192 213 893
192 214 447
192 215 100
192 216 596
192 217 743
192 218 570
192 219 213
192 220 347
192 221 200
193 194 432
193 195 137
193 196 820
193 197 503
193 198 186
193 199 767
193 200 465
193 201 146
193 202 171
193 203 843
193 204 865
193 205 584
193 206 685
193 207 501
193 208 232
193 209 192
193 210 819
193 211 483
193 212 169
193 213 138
193 214 443
193 215 643
193 216 973
193 217 267
193 218 510
193 219 312
193 220 882
193 221 940
193 222 994
194 195 757
194 196 221
194 197 879
194 198 395
194 199 589
194 200 965
194 201 427
194 202 812
194 203 990
194 204 138
194 205 885
194 206 726
194 207 951
194 208 812
194 209 181
194 210 986
194 211 486
194 212 755
194 213 477
194 214 875
194 215 237
194 216 708
194 217 974
194 218 231
194 219 201
194 220 376
194 221 775
194 222 135
194 223 787
195 196 676
195 197 959
195 198 152
195 199 290
195 200 508
195 201 755
195 202 973
195 203 550
195 204 187
195 205 755
195 206 774
195 207 957
195 208 353
195 209 311
195 210 559
195 211 668
195 212 920
195 213 939
195 214 833
195 215 392
195 216 144
195 217 472
195 218 998
195 219 169
195 220 427
195 221 215
195 222 748
195 223 451
195 224 993
196 197 178
196 198 161
196 199 398
196 200 398
196 201 700
196 202 463
196 203 751
196 204 970
196 205 252
196 206 441
196 207 355
196 208 189
196 209 717
196 210 557
196 211 457
196 212 756
196 213 304
196 214 308
196 215 253
196 216 686
196 217 630
196 218 896
196 219 887
196 220 941
196 221 200
196 222 808
196 223 569
196 224 912
196 225 763
197 198 734
197 199 787
197 200 971
197 201 539
197 202 873
197 203 407
197 204 515
197 205 283
197 206 452
197 207 704
197 208 340
197 209 245
197 210 684
197 211 162
197 212 844
197 213 370
197 214 357
197 215 894
197 216 608
197 217 918
197 218 252
197 219 206
197 220 775
197 221 273
197 222 553
197 223 245
197 224 889
197 225 333
197 226 804
198 199 382
198 200 532
198 201 823
198 202 302
198 203 510
198 204 904
198 205 818
198 206 315
198 207 628
198 208 706
198 209 148
198 210 857
198 211 498
198 212 993
198 213 186
198 214 762
198 215 584
198 216 225
198 217 198
198 218 477
198 219 338
198 220 298
198 221 120
198 222 861
198 223 841
198 224 258
198 225 949
198 226 356
198 227 934
199 200 686
199 201 304
199 202 490
199 203 830
199 204 175
199 205 478
199 206 419
199 207 906
199 208 290
199 209 473
199 210 708
199 211 742
199 212 410
199 213 948
199 214 140
199 215 680
199 216 380
199 217 753
199 218 670
199 219 542
199 220 561
199 221 653
199 222 859
199 223 851
199 224 834
199 225 367
199 226 951
199 227 989
199 228 989
200 201 570
200 202 928
200 203 893
200 204 918
200 205 547
200 206 804
200 207 372
200 208 994
200 209 100
200 210 557
200 211 466
200 212 573
200 213 822
200 214 852
200 215 697
200 216 627
200 217 600
200 218 791
200 219 838
200 220 558
200 221 575
200 222 273
200 223 233
200 224 293
200 225 772
200 226 269
200 227 188
200 228 969
200 229 351
201 202 383
201 203 797
201 204 304
201 205 551
201 206 664
201 207 235
201 208 452
201 209 255
201 210 172
201 211 638
201 212 462
201 213 737
201 214 138
201 215 489
201 216 605
201 217 736
201 218 683
201 219 653
201 220 591
201 221 998
201 222 310
201 223 877
201 224 824
201 225 862
201 226 196
201 227 896
201 228 721
201 229 219
201 230 717
202 203 409
202 204 323
202 205 731
202 206 983
202 207 130
202 208 379
202 209 465
202 210 729
202 211 167
202 212 166
202 213 676
202 214 690
202 215 294
202 216 124
202 217 407
202 218 308
202 219 198
202 220 575
202 221 502
202 222 804
202 223 157
202 224 913
202 225 576
202 226 800
202 227 756
202 228 339
202 229 770
202 230 928
202 231 836
203 204 278
203 205 654
203 206 826
203 207 438
203 208 251
203 209 703
203 210 400
203 211 249
203 212 751
203 213 247
203 214 887
203 215 580
203 216 436
203 217 688
203 218 876
203 219 376
203 220 642
203 221 296
203 222 745
203 223 282
203 224 954
203 225 531
203 226 133
203 227 294
203 228 843
203 229 211
203 230 791
203 231 337
203 232 118
204 205 415
204 206 496
204 207 665
204 208 738
204 209 901
204 210 347
204 211 263
204 212 380
204 213 101
204 214 751
204 215 437
204 216 122
204 217 413
204 218 100
204 219 169
204 220 848
204 221 943
204 222 211
204 223 973
204 224 528
204 225 834
204 226 348
204 227 719
204 228 655
204 229 216
204 230 816
204 231 324
204 232 636
204 233 456
205 206 949
205 207 732
205 208 430
205 209 892
205 210 835
205 211 166
205 212 856
205 213 857
205 214 545
205 215 412
205 216 738
205 217 945
205 218 498
205 219 440
205 220 183
205 221 277
205 222 635
205 223 367
205 224 180
205 225 410
205 226 729
205 227 745
205 228 125
205 229 958
205 230 943
205 231 475
205 232 746
205 233 372
205 234 453
206 207 335
206 208 301
206 209 560
206 210 299
206 211 686
206 212 104
206 213 321
206 214 281
206 215 930
206 216 130
206 217 202
206 218 936
206 219 533
206 220 771
206 221 377
206 222 448
206 223 580
206 224 780
206 225 146
206 226 940
206 227 742
206 228 477
206 229 164
206 230 195
206 231 323
206 232 644
206 233 550
206 234 139
206 235 948
207 208 813
207 209 691
207 210 440
207 211 255
207 212 789
207 213 427
207 214 258
207 215 597
207 216 538
207 217 739
207 218 334
207 219 804
207 220 975
207 221 205
207 222 700
207 223 749
207 224 175
207 225 437
207 226 643
207 227 976
207 228 593
207 229 999
207 230 143
207 231 528
207 232 857
207 233 782
207 234 216
207 235 113
207 236 895
208 209 436
208 210 845
208 211 979
208 212 193
208 213 267
208 214 152
208 215 788
208 216 514
208 217 894
208 218 520
208 219 924
208 220 493
208 221 597
208 222 389
208 223 734
208 224 845
208 225 788
208 226 708
208 227 859
208 228 573
208 229 341
208 230 684
208 231 966
208 232 917
208 233 280
208 234 573
208 235 239
208 236 447
208 237 675
209 210 718
209 211 197
209 212 879
209 213 794
209 214 795
209 215 111
209 216 554
209 217 433
209 218 224
209 219 114
209 220 191
209 221 334
209 222 661
209 223 403
209 224 963
209 225 977
209 226 522
209 227 767
209 228 723
209 229 801
209 230 165
209 231 329
209 232 180
209 233 390
209 234 935
209 235 617
209 236 213
209 237 170
209 238 224
210 211 297
210 212 796
210 213 647
210 214 362
210 215 808
210 216 572
210 217 192
210 218 543
210 219 214
210 220 731
210 221 231
210 222 353
210 223 302
210 224 582
210 225 274
210 226 586
210 227 667
210 228 933
210 229 193
210 230 486
210 231 579
210 232 697
210 233 212
210 234 655
210 235 245
210 236 846
210 237 631
210 238 194
210 239 209
211 212 365
211 213 928
211 214 321
211 215 937
211 216 421
211 217 276
211 218 893
211 219 175
211 220 139
211 221 203
211 222 103
211 223 703
211 224 263
211 225 744
211 226 477
211 227 362
211 228 864
211 229 461
211 230 411
211 231 755
211 232 679
211 233 698
211 234 472
211 235 123
211 236 451
211 237 627
211 238 988
211 239 146
211 240 207
212 213 891
212 214 150
212 215 979
212 216 935
212 217 630
212 218 569
212 219 825
212 220 878
212 221 314
212 222 692
212 223 411
212 224 372
212 225 536
212 226 807
212 227 666
212 228 278
212 229 945
212 230 771
212 231 680
212 232 527
212 233 109
212 234 429
212 235 501
212 236 699
212 237 835
212 238 223
212 239 262
212 240 184
212 241 417
213 214 540
213 215 944
213 216 431
213 217 947
213 218 888
213 219 578
213 220 646
213 221 887
213 222 682
213 223 997
213 224 766
213 225 386
213 226 404
213 227 735
213 228 797
213 229 200
213 230 400
213 231 722
213 232 203
213 233 167
213 234 721
213 235 464
213 236 394
213 237 986
213 238 438
213 239 133
213 240 528
213 241 878
213 242 717
214 215 337
214 216 579
214 217 248
214 218 728
214 219 664
214 220 272
214 221 859
214 222 978
214 223 474
214 224 408
214 225 616
214 226 286
214 227 602
214 228 857
214 229 617
214 230 407
214 231 563
214 232 261
214 233 270
214 234 365
214 235 898
214 236 651
214 237 734
214 238 523
214 239 653
214 240 969
214 241 914
214 242 148
214 243 260
215 216 196
215 217 350
215 218 605
215 219 211
215 220 196
215 221 479
215 222 506
215 223 709
215 224 572
215 225 152
215 226 906
215 227 202
215 228 382
215 229 721
215 230 388
215 231 790
215 232 989
215 233 956
215 234 661
215 235 372
215 236 798
215 237 515
215 238 415
215 239 266
215 240 499
215 241 406
215 242 182
215 243 949
215 244 292
216 217 163
216 218 889
216 219 149
216 220 666
216 221 930
216 222 356
216 223 869
216 224 287
216 225 617
216 226 371
216 227 834
216 228 501
216 229 404
216 230 784
216 231 880
216 232 631
216 233 292
216 234 630
216 235 923
216 236 912
216 237 980
216 238 560
216 239 231
216 240 420
216 241 899
216 242 332
216 243 165
216 244 783
216 245 154
217 218 560
217 219 327
217 220 188
217 221 233
217 222 842
217 223 889
217 224 469
217 225 374
217 226 585
217 227 989
217 228 809
217 229 997
217 230 788
217 231 497
217 232 249
217 233 938
217 234 977
217 235 496
217 236 958
217 237 961
217 238 847
217 239 719
217 240 953
217 241 571
217 242 800
217 243 492
217 244 147
217 245 149
217 246 548
218 219 460
218 220 871
218 221 917
218 222 320
218 223 954
218 224 403
218 225 650
218 226 950
218 227 999
218 228 243
218 229 328
218 230 120
218 231 915
218 232 277
218 233 369
218 234 630
218 235 224
218 236 594
218 237 996
218 238 695
218 239 976
218 240 154
218 241 388
218 242 307
218 243 849
218 244 734
218 245 697
218 246 710
218 247 535
219 220 876
219 221 836
219 222 1000
219 223 240
219 224 707
219 225 111
219 226 171
219 227 728
219 228 283
219 229 267
219 230 602
219 231 572
219 232 697
219 233 406
219 234 990
219 235 989
219 236 651
219 237 279
219 238 634
219 239 115
219 240 642
219 241 979
219 242 573
219 243 454
219 244 240
219 245 563
219 246 407
219 247 688
219 248 905
220 221 435
220 222 682
220 223 573
220 224 382
220 225 449
220 226 991
220 227 669
220 228 336
220 229 813
220 230 251
220 231 329
220 232 669
220 233 942
220 234 642
220 235 411
220 236 882
220 237 649
220 238 570
220 239 305
220 240 798
220 241 231
220 242 969
220 243 553
220 244 562
220 245 245
220 246 326
220 247 889
220 248 724
220 249 146
221 222 137
221 223 528
221 224 114
221 225 654
221 226 457
221 227 335
221 228 726
221 229 190
221 230 922
221 231 214
221 232 693
221 233 155
221 234 129
221 235 711
221 236 479
221 237 333
221 238 776
221 239 595
221 240 598
221 241 156
221 242 186
221 243 580
221 244 701
221 245 750
221 246 698
221 247 688
221 248 387
221 249 182
221 250 611
222 223 366
222 224 456
222 225 764
222 226 301
222 227 834
222 228 428
222 229 363
222 230 290
222 231 508
222 232 245
222 233 293
222 234 395
222 235 459
222 236 972
222 237 548
222 238 752
222 239 870
222 240 459
222 241 201
222 242 898
222 243 104
222 244 351
222 245 833
222 246 716
222 247 153
222 248 196
222 249 745
222 250 532
222 251 319
223 224 804
223 225 543
223 226 555
223 227 440
223 228 324
223 229 276
223 230 441
223 231 199
223 232 638
223 233 582
223 234 401
223 235 581
223 236 827
223 237 974
223 238 949
223 239 943
223 240 943
223 241 827
223 242 565
223 243 562
223 244 396
223 245 776
223 246 949
223 247 696
223 248 842
223 249 361
223 250 416
223 251 220
223 252 664
224 225 387
224 226 414
224 227 501
224 228 759
224 229 333
224 230 320
224 231 543
224 232 453
224 233 179
224 234 985
224 235 189
224 236 731
224 237 852
224 238 383
224 239 516
224 240 698
224 241 757
224 242 456
224 243 485
224 244 956
224 245 911
224 246 482
224 247 171
224 248 354
224 249 433
224 250 539
224 251 958
224 252 137
224 253 622
225 226 703
225 227 273
225 228 936
225 229 201
225 230 807
225 231 904
225 232 738
225 233 912
225 234 846
225 235 798
225 236 494
225 237 317
225 238 150
225 239 218
225 240 251
225 241 116
225 242 816
225 243 598
225 244 832
225 245 800
225 246 721
225 247 389
225 248 831
225 249 152
225 250 791
225 251 797
225 252 574
225 253 790
225 254 982
226 227 226
226 228 994
226 229 150
226 230 739
226 231 190
226 232 732
226 233 971
226 234 940
226 235 124
226 236 645
226 237 696
226 238 596
226 239 354
226 240 978
226 241 856
226 242 660
226 243 966
226 244 340
226 245 410
226 246 636
226 247 584
226 248 264
226 249 127
226 250 513
226 251 340
226 252 544
226 253 689
226 254 370
226 255 315
227 228 519
227 229 697
227 230 201
227 231 315
227 232 136
227 233 328
227 234 236
227 235 655
227 236 308
227 237 804
227 238 229
227 239 646
227 240 386
227 241 489
227 242 455
227 243 901
227 244 736
227 245 605
227 246 761
227 247 451
227 248 792
227 249 754
227 250 578
227 251 290
227 252 914
227 253 891
227 254 805
227 255 107
227 227 514
228 229 687
228 230 411
228 231 341
228 232 201
228 233 498
228 234 498
228 235 587
228 236 315
228 237 544
228 238 959
228 239 904
228 240 603
228 241 911
228 242 652
228 243 654
228 244 646
228 245 911
228 246 512
228 247 604
228 248 590
228 249 874
228 250 900
228 251 215
228 252 425
228 253 330
228 254 715
228 255 278
228 228 515
228 1 427
229 230 948
229 231 172
229 232 802
229 233 784
229 234 176
229 235 469
229 236 959
229 237 466
229 238 938
229 239 917
229 240 113
229 241 930
229 242 998
229 243 888
229 244 998
229 245 163
229 246 985
229 247 427
229 248 856
229 249 956
229 250 223
229 251 482
229 252 766
229 253 918
229 254 547
229 255 431
229 229 361
229 1 357
229 2 462
230 231 713
230 232 201
230 233 568
230 234 728
230 235 452
230 236 524
230 237 523
230 238 368
230 239 545
230 240 635
230 241 456
230 242 898
230 243 500
230 244 630
230 245 279
230 246 890
230 247 240
230 248 153
230 249 200
230 250 495
230 251 734
230 252 214
230 253 515
230 254 921
230 255 345
230 230 468
230 1 173
230 2 521
230 3 731
231 232 773
231 233 801
231 234 979
231 235 233
231 236 364
231 237 719
231 238 842
231 239 216
231 240 962
231 241 387
231 242 789
231 243 908
231 244 323
231 245 116
231 246 546
231 247 770
231 248 226
231 249 184
231 250 335
231 251 986
231 252 322
231 253 372
231 254 976
231 255 841
231 231 195
231 1 502
231 2 315
231 3 239
231 4 156
232 233 524
232 234 974
232 235 379
232 236 346
232 237 871
232 238 793
232 239 757
232 240 985
232 241 427
232 242 308
232 243 198
232 244 616
232 245 527
232 246 357
232 247 423
232 248 413
232 249 428
232 250 584
232 251 727
232 252 299
232 253 159
232 254 837
232 255 514
232 232 991
232 1 338
232 2 764
232 3 155
232 4 517
232 5 844
233 234 275
233 235 538
233 236 715
233 237 366
233 238 227
233 239 829
233 240 107
233 241 648
233 242 343
233 243 597
233 244 237
233 245 887
233 246 835
233 247 569
233 248 821
233 249 403
233 250 470
233 251 666
233 252 512
233 253 398
233 254 205
233 255 526
233 233 766
233 1 419
233 2 196
233 3 249
233 4 187
233 5 119
233 6 760
234 235 435
234 236 277
234 237 609
234 238 310
234 239 109
234 240 927
234 241 468
234 242 823
234 243 736
234 244 234
234 245 932
234 246 390
234 247 284
234 248 519
234 249 523
234 250 389
234 251 652
234 252 171
234 253 503
234 254 306
234 255 445
234 234 494
234 1 982
234 2 634
234 3 350
234 4 534
234 5 937
234 6 193
234 7 404
235 236 435
235 237 229
235 238 410
235 239 773
235 240 596
235 241 327
235 242 111
235 243 610
235 244 297
235 245 230
235 246 190
235 247 141
235 248 583
235 249 768
235 250 832
235 251 859
235 252 885
235 253 983
235 254 221
235 255 872
235 235 634
235 1 143
235 2 411
235 3 609
235 4 568
235 5 818
235 6 531
235 7 726
235 8 736
236 237 827
236 238 653
236 239 558
236 240 268
236 241 700
236 242 127
236 243 226
236 244 811
236 245 945
236 246 325
236 247 919
236 248 854
236 249 185
236 250 486
236 251 181
236 252 825
236 253 822
236 254 642
236 255 871
236 236 445
236 1 281
236 2 163
236 3 933
236 4 291
236 5 190
236 6 420
236 7 165
236 8 680
236 9 670
237 238 831
237 239 329
237 240 536
237 241 442
237 242 520
237 243 138
237 244 579
237 245 681
237 246 767
237 247 833
237 248 397
237 249 914
237 250 726
237 251 135
237 252 965
237 253 817
237 254 899
237 255 653
237 237 778
237 1 751
237 2 512
237 3 357
237 4 184
237 5 306
237 6 847
237 7 844
237 8 567
237 9 829
237 10 813
238 239 905
238 240 234
238 241 845
238 242 878
238 243 150
238 244 580
238 245 973
238 246 359
238 247 370
238 248 216
238 249 766
238 250 627
238 251 723
238 252 887
238 253 801
238 254 783
238 255 864
238 238 449
238 1 271
238 2 707
238 3 728
238 4 926
238 5 201
238 6 350
238 7 664
238 8 223
238 9 430
238 10 331
238 11 323
239 240 352
239 241 127
239 242 911
239 243 485
239 244 306
239 245 776
239 246 623
239 247 575
239 248 355
239 249 177
239 250 513
239 251 390
239 252 251
239 253 370
239 254 389
239 255 144
239 239 457
239 1 697
239 2 711
239 3 590
239 4 974
239 5 844
239 6 836
239 7 718
239 8 627
239 9 856
239 10 992
239 11 246
239 12 776
240 241 862
240 242 429
240 243 548
240 244 748
240 245 147
240 246 189
240 247 588
240 248 763
240 249 434
240 250 506
240 251 189
240 252 607
240 253 424
240 254 219
240 255 251
240 240 315
240 1 184
240 2 235
240 3 340
240 4 443
240 5 270
240 6 835
240 7 964
240 8 801
240 9 854
240 10 478
240 11 651
240 12 487
240 13 499
241 242 392
241 243 989
241 244 884
241 245 406
241 246 707
241 247 858
241 248 933
241 249 103
241 250 581
241 251 719
241 252 681
241 253 810
241 254 141
241 255 415
241 241 517
241 1 167
241 2 365
241 3 808
241 4 580
241 5 865
241 6 660
241 7 822
241 8 892
241 9 653
241 10 381
241 11 129
241 12 595
241 13 753
241 14 587
242 243 903
242 244 486
242 245 301
242 246 364
242 247 544
242 248 868
242 249 326
242 250 722
242 251 351
242 252 650
242 253 647
242 254 592
242 255 837
242 242 729
242 1 711
242 2 544
242 3 944
242 4 185
242 5 396
242 6 139
242 7 594
242 8 666
242 9 537
242 10 967
242 11 691
242 12 772
242 13 666
242 14 497
242 15 604
243 244 370
243 245 491
243 246 724
243 247 631
243 248 162
243 249 597
243 250 482
243 251 145
243 252 676
243 253 988
243 254 122
243 255 432
243 243 120
243 1 709
243 2 578
243 3 381
243 4 491
243 5 760
243 6 925
243 7 983
243 8 923
243 9 394
243 10 742
243 11 805
243 12 730
243 13 616
243 14 406
243 15 481
243 16 357
244 245 303
244 246 107
244 247 530
244 248 196
244 249 847
244 250 818
244 251 723
244 252 525
244 253 134
244 254 396
244 255 599
244 244 842
244 1 377
244 2 119
244 3 179
244 4 334
244 5 817
244 6 231
244 7 846
244 8 602
244 9 423
244 10 946
244 11 395
244 12 257
244 13 448
244 14 182
244 15 335
244 16 999
244 17 162
245 246 965
245 247 516
245 248 876
245 249 407
245 250 625
245 251 931
245 252 813
245 253 419
245 254 379
245 255 358
245 245 822
245 1 240
245 2 340
245 3 738
245 4 144
245 5 239
245 6 282
245 7 297
245 8 943
245 9 315
245 10 306
245 11 134
245 12 922
245 13 299
245 14 703
245 15 432
245 16 294
245 17 136
245 18 520
246 247 676
246 248 379
246 249 612
246 250 703
246 251 855
246 252 934
246 253 668
246 254 850
246 255 986
246 246 841
246 1 583
246 2 215
246 3 843
246 4 892
246 5 652
246 6 884
246 7 941
246 8 860
246 9 116
246 10 758
246 11 361
246 12 744
246 13 333
246 14 753
246 15 545
246 16 220
246 17 863
246 18 992
246 19 931
247 248 315
247 249 487
247 250 236
247 251 659
247 252 330
247 253 759
247 254 344
247 255 792
247 247 221
247 1 691
247 2 344
247 3 560
247 4 383
247 5 356
247 6 726
247 7 729
247 8 852
247 9 306
247 10 907
247 11 473
247 12 916
247 13 656
247 14 622
247 15 971
247 16 666
247 17 923
247 18 423
247 19 902
247 20 253
248 249 571
248 250 881
248 251 768
248 252 457
248 253 916
248 254 788
248 255 262
248 248 387
248 1 448
248 2 246
248 3 596
248 4 816
248 5 285
248 6 831
248 7 235
248 8 545
248 9 787
248 10 721
248 11 100
248 12 224
248 13 254
248 14 487
248 15 222
248 16 923
248 17 964
248 18 581
248 19 833
248 20 371
248 21 439
249 250 985
249 251 500
249 252 560
249 253 987
249 254 931
249 255 285
249 249 832
249 1 839
249 2 367
249 3 354
249 4 276
249 5 695
249 6 967
249 7 236
249 8 333
249 9 339
249 10 661
249 11 838
249 12 674
249 13 512
249 14 932
249 15 707
249 16 462
249 17 796
249 18 561
249 19 866
249 20 236
249 21 905
249 22 477
250 251 999
250 252 861
250 253 461
250 254 237
250 255 796
250 250 807
250 1 550
250 2 863
250 3 151
250 4 933
250 5 451
250 6 646
250 7 665
250 8 417
250 9 257
250 10 292
250 11 290
250 12 134
250 13 585
250 14 348
250 15 719
250 16 561
250 17 975
250 18 167
250 19 277
250 20 135
250 21 283
250 22 670
250 23 435
251 252 465
251 253 325
251 254 438
251 255 186
251 251 903
251 1 963
251 2 135
251 3 207
251 4 111
251 5 106
251 6 537
251 7 232
251 8 766
251 9 516
251 10 632
251 11 554
251 12 686
251 13 261
251 14 682
251 15 436
251 16 898
251 17 407
251 18 204
251 19 651
251 20 422
251 21 408
251 22 922
251 23 689
251 24 302
252 253 759
252 254 709
252 255 252
252 252 197
252 1 595
252 2 989
252 3 775
252 4 106
252 5 995
252 6 801
252 7 334
252 8 222
252 9 389
252 10 668
252 11 195
252 12 164
252 13 195
252 14 906
252 15 116
252 16 384
252 17 441
252 18 696
252 19 523
252 20 206
252 21 797
252 22 742
252 23 149
252 24 873
252 25 335
253 254 753
253 255 224
253 253 763
253 1 387
253 2 548
253 3 433
253 4 448
253 5 818
253 6 320
253 7 600
253 8 534
253 9 980
253 10 788
253 11 248
253 12 187
253 13 626
253 14 565
253 15 765
253 16 739
253 17 100
253 18 588
253 19 323
253 20 932
253 21 528
253 22 316
253 23 632
253 24 218
253 25 569
253 26 139
254 255 259
254 254 551
254 1 350
254 2 745
254 3 112
254 4 294
254 5 373
254 6 641
254 7 485
254 8 517
254 9 619
254 10 320
254 11 255
254 12 524
254 13 361
254 14 454
254 15 861
254 16 254
254 17 409
254 18 612
254 19 225
254 20 637
254 21 117
254 22 606
254 23 857
254 24 134
254 25 299
254 26 960
254 27 683
255 255 807
255 1 219
255 2 168
255 3 394
255 4 505
255 5 254
255 6 307
255 7 742
255 8 605
255 9 548
255 10 668
255 11 209
255 12 254
255 13 209
255 14 982
255 15 983
255 16 196
255 17 122
255 18 780
255 19 944
255 20 116
255 21 978
255 22 370
255 23 228
255 24 393
255 25 247
255 26 594
255 27 353
255 28 753
